#Diode passante
0.1   0   -0.06   0.6
0.2   0   -0.108   0.48
#Diode bloquee
0.3   0   -0.0972   -0.108
0.4   0   -0.08748   -0.0972
0.5   0   -0.07873   -0.08748
0.6   0   -0.07086   -0.07873
0.7   0   -0.06377   -0.07086
0.8   0   -0.0574   -0.06377
0.9   0   -0.05166   -0.0574
1   0   -0.04649   -0.05166
1.1   5   -0.04184   4.954
#Diode passante
1.2   5   0.4065   0.5163
#Diode bloquee
1.3   5   0.3659   5.407
#Diode passante
1.4   5   0.7327   1.332
1.5   5   1.026   2.065
1.6   5   1.261   2.652
1.7   5   1.449   3.122
1.8   5   1.599   3.497
1.9   5   1.719   3.798
2   5   1.815   4.038
2.1   5   1.892   4.231
2.2   5   1.954   4.385
2.3   5   2.003   4.508
2.4   5   2.042   4.606
2.5   5   2.074   4.685
2.6   5   2.099   4.748
2.7   5   2.119   4.798
2.8   5   2.135   4.839
2.9   5   2.148   4.871
3   5   2.159   4.897
3.1   5   2.167   4.917
3.2   5   2.174   4.934
3.3   5   2.179   4.947
3.4   5   2.183   4.958
3.5   5   2.186   4.966
3.6   5   2.189   4.973
3.7   5   2.191   4.978
3.8   5   2.193   4.983
3.9   5   2.194   4.986
4   5   2.196   4.989
4.1   5   2.196   4.991
4.2   5   2.197   4.993
4.3   5   2.198   4.994
4.4   5   2.198   4.995
4.5   5   2.199   4.996
4.6   5   2.199   4.997
4.7   5   2.199   4.998
4.8   5   2.199   4.998
4.9   5   2.199   4.999
5   5   2.2   4.999
5.1   5   2.2   4.999
5.2   5   2.2   4.999
5.3   5   2.2   4.999
5.4   5   2.2   5
5.5   5   2.2   5
5.6   5   2.2   5
5.7   5   2.2   5
5.8   5   2.2   5
5.9   5   2.2   5
6   5   2.2   5
6.1   5   2.2   5
6.2   5   2.2   5
6.3   5   2.2   5
6.4   5   2.2   5
6.5   5   2.2   5
6.6   5   2.2   5
6.7   5   2.2   5
6.8   5   2.2   5
6.9   5   2.2   5
7   5   2.2   5
7.1   5   2.2   5
7.2   5   2.2   5
7.3   5   2.2   5
7.4   5   2.2   5
7.5   5   2.2   5
7.6   5   2.2   5
7.7   5   2.2   5
7.8   5   2.2   5
7.9   5   2.2   5
8   5   2.2   5
8.1   5   2.2   5
8.2   5   2.2   5
8.3   5   2.2   5
8.4   5   2.2   5
8.5   5   2.2   5
8.6   5   2.2   5
8.7   5   2.2   5
8.8   5   2.2   5
8.9   5   2.2   5
9   5   2.2   5
9.1   5   2.2   5
9.2   5   2.2   5
9.3   5   2.2   5
9.4   5   2.2   5
9.5   5   2.2   5
9.6   5   2.2   5
9.7   5   2.2   5
9.8   5   2.2   5
9.9   5   2.2   5
10   5   2.2   5
10.1   5   2.2   5
