#Premier Ordre :
#1 - Exemple 1
#2 - Circuit A
#3 - Circuit B
#Deuxième Ordre :
#4 - Exemple 2
#5 - Circuit C
#6 - Circuit D
#Choisir la source ?
#1 - Echelon
#2 - Porte
#3 - Carre
#4 - Triangle
#5 - Rampe f(t)=-3*t (Exemple1)
#6 - Nulle (Exemple 2)
#Choix des valeurs pour le circuit suivant :
#_____/\/\/\____  
#|      R      _|_
#E           C ---
#|______________|
#Valeur de R (Ohm) : 
#Valeur de C (Farad) : 
#Temps   Ve   Vs   
0.01   5   0.05
0.02   5   0.0995
0.03   5   0.1485
0.04   5   0.197
0.05   5   0.245
0.06   5   0.2926
0.07   5   0.3397
0.08   5   0.3863
0.09   5   0.4324
0.1   5   0.4781
0.11   5   0.5233
0.12   5   0.5681
0.13   5   0.6124
0.14   5   0.6563
0.15   5   0.6997
0.16   5   0.7427
0.17   5   0.7853
0.18   5   0.8274
0.19   5   0.8692
0.2   0   0.9105
0.21   0   0.9014
0.22   0   0.8923
0.23   0   0.8834
0.24   0   0.8746
0.25   0   0.8658
0.26   0   0.8572
0.27   0   0.8486
0.28   0   0.8401
0.29   0   0.8317
0.3   0   0.8234
0.31   0   0.8152
0.32   0   0.807
0.33   0   0.799
0.34   0   0.791
0.35   0   0.7831
0.36   0   0.7752
0.37   0   0.7675
0.38   0   0.7598
0.39   0   0.7522
0.4   0   0.7447
0.41   0   0.7372
0.42   0   0.7299
0.43   0   0.7226
0.44   0   0.7153
0.45   0   0.7082
0.46   0   0.7011
0.47   0   0.6941
0.48   0   0.6871
0.49   0   0.6803
0.5   0   0.6735
0.51   0   0.6667
0.52   0   0.6601
0.53   0   0.6535
0.54   0   0.6469
0.55   0   0.6405
0.56   0   0.6341
0.57   0   0.6277
0.58   0   0.6214
0.59   0   0.6152
0.6   0   0.6091
0.61   0   0.603
0.62   0   0.597
0.63   0   0.591
0.64   0   0.5851
0.65   0   0.5792
0.66   0   0.5734
0.67   0   0.5677
0.68   0   0.562
0.69   0   0.5564
0.7   0   0.5508
0.71   0   0.5453
0.72   0   0.5399
0.73   0   0.5345
0.74   0   0.5291
0.75   0   0.5238
0.76   0   0.5186
0.77   0   0.5134
0.78   0   0.5083
0.79   0   0.5032
0.8   0   0.4982
0.81   0   0.4932
0.82   0   0.4883
0.83   0   0.4834
0.84   0   0.4785
0.85   0   0.4738
0.86   0   0.469
0.87   0   0.4643
0.88   0   0.4597
0.89   0   0.4551
0.9   0   0.4505
0.91   0   0.446
0.92   0   0.4416
0.93   0   0.4372
0.94   0   0.4328
0.95   0   0.4285
0.96   0   0.4242
0.97   0   0.4199
0.98   0   0.4157
0.99   0   0.4116
1   5   0.4075
1.01   5   0.4534
1.02   5   0.4988
1.03   5   0.5439
1.04   5   0.5884
1.05   5   0.6325
1.06   5   0.6762
1.07   5   0.7194
1.08   5   0.7623
1.09   5   0.8046
1.1   5   0.8466
1.11   5   0.8881
1.12   5   0.9292
1.13   5   0.9699
1.14   5   1.01
1.15   5   1.05
1.16   5   1.09
1.17   5   1.129
1.18   5   1.167
1.19   5   1.206
1.2   5   1.244
1.21   5   1.281
1.22   5   1.318
1.23   5   1.355
1.24   5   1.392
1.25   5   1.428
1.26   5   1.464
1.27   5   1.499
1.28   5   1.534
1.29   5   1.569
1.3   5   1.603
1.31   5   1.637
1.32   5   1.67
1.33   5   1.704
1.34   5   1.737
1.35   5   1.769
1.36   5   1.802
1.37   5   1.834
1.38   5   1.865
1.39   5   1.897
1.4   5   1.928
1.41   5   1.958
1.42   5   1.989
1.43   5   2.019
1.44   5   2.049
1.45   5   2.078
1.46   5   2.108
1.47   5   2.136
1.48   5   2.165
1.49   5   2.193
1.5   5   2.221
1.51   5   2.249
1.52   5   2.277
1.53   5   2.304
1.54   5   2.331
1.55   5   2.358
1.56   5   2.384
1.57   5   2.41
1.58   5   2.436
1.59   5   2.462
1.6   5   2.487
1.61   5   2.512
1.62   5   2.537
1.63   5   2.562
1.64   5   2.586
1.65   5   2.61
1.66   5   2.634
1.67   5   2.658
1.68   5   2.681
1.69   5   2.704
1.7   5   2.727
1.71   5   2.75
1.72   5   2.773
1.73   5   2.795
1.74   5   2.817
1.75   5   2.839
1.76   5   2.86
1.77   5   2.882
1.78   5   2.903
1.79   5   2.924
1.8   5   2.945
1.81   5   2.965
1.82   5   2.986
1.83   5   3.006
1.84   5   3.026
1.85   5   3.045
1.86   5   3.065
1.87   5   3.084
1.88   5   3.104
1.89   5   3.122
1.9   5   3.141
1.91   5   3.16
1.92   5   3.178
1.93   5   3.196
1.94   5   3.214
1.95   5   3.232
1.96   5   3.25
1.97   5   3.268
1.98   5   3.285
1.99   5   3.302
2   5   3.319
2.01   5   3.336
2.02   5   3.352
2.03   5   3.369
2.04   5   3.385
2.05   5   3.401
2.06   5   3.417
2.07   5   3.433
2.08   5   3.449
2.09   5   3.464
2.1   5   3.48
2.11   5   3.495
2.12   5   3.51
2.13   5   3.525
2.14   5   3.54
2.15   5   3.554
2.16   5   3.569
2.17   5   3.583
2.18   5   3.597
2.19   5   3.611
2.2   5   3.625
2.21   0   3.639
2.22   0   3.602
2.23   0   3.566
2.24   0   3.531
2.25   0   3.495
2.26   0   3.46
2.27   0   3.426
2.28   0   3.392
2.29   0   3.358
2.3   0   3.324
2.31   0   3.291
2.32   0   3.258
2.33   0   3.225
2.34   0   3.193
2.35   0   3.161
2.36   0   3.13
2.37   0   3.098
2.38   0   3.067
2.39   0   3.037
2.4   0   3.006
2.41   0   2.976
2.42   0   2.946
2.43   0   2.917
2.44   0   2.888
2.45   0   2.859
2.46   0   2.83
2.47   0   2.802
2.48   0   2.774
2.49   0   2.746
2.5   0   2.719
2.51   0   2.692
2.52   0   2.665
2.53   0   2.638
2.54   0   2.612
2.55   0   2.586
2.56   0   2.56
2.57   0   2.534
2.58   0   2.509
2.59   0   2.484
2.6   0   2.459
2.61   0   2.434
2.62   0   2.41
2.63   0   2.386
2.64   0   2.362
2.65   0   2.338
2.66   0   2.315
2.67   0   2.292
2.68   0   2.269
2.69   0   2.246
2.7   0   2.224
2.71   0   2.202
2.72   0   2.179
2.73   0   2.158
2.74   0   2.136
2.75   0   2.115
2.76   0   2.094
2.77   0   2.073
2.78   0   2.052
2.79   0   2.031
2.8   0   2.011
2.81   0   1.991
2.82   0   1.971
2.83   0   1.951
2.84   0   1.932
2.85   0   1.913
2.86   0   1.893
2.87   0   1.874
2.88   0   1.856
2.89   0   1.837
2.9   0   1.819
2.91   0   1.801
2.92   0   1.783
2.93   0   1.765
2.94   0   1.747
2.95   0   1.73
2.96   0   1.712
2.97   0   1.695
2.98   0   1.678
2.99   0   1.662
3   0   1.645
3.01   5   1.628
3.02   5   1.662
3.03   5   1.696
3.04   5   1.729
3.05   5   1.761
3.06   5   1.794
3.07   5   1.826
3.08   5   1.858
3.09   5   1.889
3.1   5   1.92
3.11   5   1.951
3.12   5   1.981
3.13   5   2.012
3.14   5   2.041
3.15   5   2.071
3.16   5   2.1
3.17   5   2.129
3.18   5   2.158
3.19   5   2.186
3.2   5   2.215
3.21   5   2.242
3.22   5   2.27
3.23   5   2.297
3.24   5   2.324
3.25   5   2.351
3.26   5   2.378
3.27   5   2.404
3.28   5   2.43
3.29   5   2.455
3.3   5   2.481
3.31   5   2.506
3.32   5   2.531
3.33   5   2.556
3.34   5   2.58
3.35   5   2.604
3.36   5   2.628
3.37   5   2.652
3.38   5   2.675
3.39   5   2.699
3.4   5   2.722
3.41   5   2.745
3.42   5   2.767
3.43   5   2.789
3.44   5   2.812
3.45   5   2.833
3.46   5   2.855
3.47   5   2.877
3.48   5   2.898
3.49   5   2.919
3.5   5   2.94
3.51   5   2.96
3.52   5   2.981
3.53   5   3.001
3.54   5   3.021
3.55   5   3.041
3.56   5   3.06
3.57   5   3.08
3.58   5   3.099
3.59   5   3.118
3.6   5   3.137
3.61   5   3.155
3.62   5   3.174
3.63   5   3.192
3.64   5   3.21
3.65   5   3.228
3.66   5   3.246
3.67   5   3.263
3.68   5   3.281
3.69   5   3.298
3.7   5   3.315
3.71   5   3.332
3.72   5   3.348
3.73   5   3.365
3.74   5   3.381
3.75   5   3.397
3.76   5   3.413
3.77   5   3.429
3.78   5   3.445
3.79   5   3.461
3.8   5   3.476
3.81   5   3.491
3.82   5   3.506
3.83   5   3.521
3.84   5   3.536
3.85   5   3.551
3.86   5   3.565
3.87   5   3.579
3.88   5   3.594
3.89   5   3.608
3.9   5   3.622
3.91   5   3.635
3.92   5   3.649
3.93   5   3.663
3.94   5   3.676
3.95   5   3.689
3.96   5   3.702
3.97   5   3.715
3.98   5   3.728
3.99   5   3.741
4   5   3.753
4.01   5   3.766
4.02   5   3.778
4.03   5   3.79
4.04   5   3.803
4.05   5   3.815
4.06   5   3.826
4.07   5   3.838
4.08   5   3.85
4.09   5   3.861
4.1   5   3.873
4.11   5   3.884
4.12   5   3.895
4.13   5   3.906
4.14   5   3.917
4.15   5   3.928
4.16   5   3.939
4.17   5   3.949
4.18   5   3.96
4.19   5   3.97
4.2   5   3.98
4.21   0   3.991
4.22   0   3.951
4.23   0   3.911
4.24   0   3.872
4.25   0   3.833
4.26   0   3.795
4.27   0   3.757
4.28   0   3.72
4.29   0   3.682
4.3   0   3.646
4.31   0   3.609
4.32   0   3.573
4.33   0   3.537
4.34   0   3.502
4.35   0   3.467
4.36   0   3.432
4.37   0   3.398
4.38   0   3.364
4.39   0   3.33
4.4   0   3.297
4.41   0   3.264
4.42   0   3.231
4.43   0   3.199
4.44   0   3.167
4.45   0   3.135
4.46   0   3.104
4.47   0   3.073
4.48   0   3.042
4.49   0   3.012
4.5   0   2.982
4.51   0   2.952
4.52   0   2.922
4.53   0   2.893
4.54   0   2.864
4.55   0   2.836
4.56   0   2.807
4.57   0   2.779
4.58   0   2.751
4.59   0   2.724
4.6   0   2.697
4.61   0   2.67
4.62   0   2.643
4.63   0   2.616
4.64   0   2.59
4.65   0   2.564
4.66   0   2.539
4.67   0   2.513
4.68   0   2.488
4.69   0   2.463
4.7   0   2.439
4.71   0   2.414
4.72   0   2.39
4.73   0   2.366
4.74   0   2.343
4.75   0   2.319
4.76   0   2.296
4.77   0   2.273
4.78   0   2.25
4.79   0   2.228
4.8   0   2.206
4.81   0   2.183
4.82   0   2.162
4.83   0   2.14
4.84   0   2.119
4.85   0   2.097
4.86   0   2.076
4.87   0   2.056
4.88   0   2.035
4.89   0   2.015
4.9   0   1.995
4.91   0   1.975
4.92   0   1.955
4.93   0   1.935
4.94   0   1.916
4.95   0   1.897
4.96   0   1.878
4.97   0   1.859
4.98   0   1.841
4.99   0   1.822
5   0   1.804
5.01   5   1.786
5.02   5   1.818
5.03   5   1.85
5.04   5   1.881
5.05   5   1.913
5.06   5   1.943
5.07   5   1.974
5.08   5   2.004
5.09   5   2.034
5.1   5   2.064
5.11   5   2.093
5.12   5   2.122
5.13   5   2.151
5.14   5   2.18
5.15   5   2.208
5.16   5   2.236
5.17   5   2.263
5.18   5   2.291
5.19   5   2.318
5.2   5   2.345
5.21   5   2.371
5.22   5   2.397
5.23   5   2.423
5.24   5   2.449
5.25   5   2.475
5.26   5   2.5
5.27   5   2.525
5.28   5   2.55
5.29   5   2.574
5.3   5   2.599
5.31   5   2.623
5.32   5   2.646
5.33   5   2.67
5.34   5   2.693
5.35   5   2.716
5.36   5   2.739
5.37   5   2.762
5.38   5   2.784
5.39   5   2.806
5.4   5   2.828
5.41   5   2.85
5.42   5   2.871
5.43   5   2.893
5.44   5   2.914
5.45   5   2.935
5.46   5   2.955
5.47   5   2.976
5.48   5   2.996
5.49   5   3.016
5.5   5   3.036
5.51   5   3.055
5.52   5   3.075
5.53   5   3.094
5.54   5   3.113
5.55   5   3.132
5.56   5   3.151
5.57   5   3.169
5.58   5   3.188
5.59   5   3.206
5.6   5   3.224
5.61   5   3.241
5.62   5   3.259
5.63   5   3.276
5.64   5   3.294
5.65   5   3.311
5.66   5   3.328
5.67   5   3.344
5.68   5   3.361
5.69   5   3.377
5.7   5   3.393
5.71   5   3.41
5.72   5   3.425
5.73   5   3.441
5.74   5   3.457
5.75   5   3.472
5.76   5   3.487
5.77   5   3.503
5.78   5   3.518
5.79   5   3.532
5.8   5   3.547
5.81   5   3.562
5.82   5   3.576
5.83   5   3.59
5.84   5   3.604
5.85   5   3.618
5.86   5   3.632
5.87   5   3.646
5.88   5   3.659
5.89   5   3.673
5.9   5   3.686
5.91   5   3.699
5.92   5   3.712
5.93   5   3.725
5.94   5   3.738
5.95   5   3.75
5.96   5   3.763
5.97   5   3.775
5.98   5   3.788
5.99   5   3.8
6   5   3.812
6.01   5   3.824
6.02   5   3.835
6.03   5   3.847
6.04   5   3.858
6.05   5   3.87
6.06   5   3.881
6.07   5   3.892
6.08   5   3.903
6.09   5   3.914
6.1   5   3.925
6.11   5   3.936
6.12   5   3.947
6.13   5   3.957
6.14   5   3.968
6.15   5   3.978
6.16   5   3.988
6.17   5   3.998
6.18   5   4.008
6.19   5   4.018
6.2   5   4.028
6.21   0   4.038
6.22   0   3.997
6.23   0   3.957
6.24   0   3.918
6.25   0   3.879
6.26   0   3.84
6.27   0   3.801
6.28   0   3.763
6.29   0   3.726
6.3   0   3.689
6.31   0   3.652
6.32   0   3.615
6.33   0   3.579
6.34   0   3.543
6.35   0   3.508
6.36   0   3.473
6.37   0   3.438
6.38   0   3.404
6.39   0   3.37
6.4   0   3.336
6.41   0   3.303
6.42   0   3.269
6.43   0   3.237
6.44   0   3.204
6.45   0   3.172
6.46   0   3.141
6.47   0   3.109
6.48   0   3.078
6.49   0   3.047
6.5   0   3.017
6.51   0   2.987
6.52   0   2.957
6.53   0   2.927
6.54   0   2.898
6.55   0   2.869
6.56   0   2.84
6.57   0   2.812
6.58   0   2.784
6.59   0   2.756
6.6   0   2.728
6.61   0   2.701
6.62   0   2.674
6.63   0   2.647
6.64   0   2.621
6.65   0   2.595
6.66   0   2.569
6.67   0   2.543
6.68   0   2.518
6.69   0   2.492
6.7   0   2.468
6.71   0   2.443
6.72   0   2.418
6.73   0   2.394
6.74   0   2.37
6.75   0   2.347
6.76   0   2.323
6.77   0   2.3
6.78   0   2.277
6.79   0   2.254
6.8   0   2.232
6.81   0   2.209
6.82   0   2.187
6.83   0   2.165
6.84   0   2.144
6.85   0   2.122
6.86   0   2.101
6.87   0   2.08
6.88   0   2.059
6.89   0   2.039
6.9   0   2.018
6.91   0   1.998
6.92   0   1.978
6.93   0   1.958
6.94   0   1.939
6.95   0   1.919
6.96   0   1.9
6.97   0   1.881
6.98   0   1.862
6.99   0   1.844
7   0   1.825
7.01   5   1.807
7.02   5   1.839
7.03   5   1.871
7.04   5   1.902
7.05   5   1.933
7.06   5   1.963
7.07   5   1.994
7.08   5   2.024
7.09   5   2.054
7.1   5   2.083
7.11   5   2.112
7.12   5   2.141
7.13   5   2.17
7.14   5   2.198
7.15   5   2.226
7.16   5   2.254
7.17   5   2.281
7.18   5   2.308
7.19   5   2.335
7.2   5   2.362
7.21   5   2.388
7.22   5   2.415
7.23   5   2.44
7.24   5   2.466
7.25   5   2.491
7.26   5   2.516
7.27   5   2.541
7.28   5   2.566
7.29   5   2.59
7.3   5   2.614
7.31   5   2.638
7.32   5   2.662
7.33   5   2.685
7.34   5   2.708
7.35   5   2.731
7.36   5   2.754
7.37   5   2.776
7.38   5   2.799
7.39   5   2.821
7.4   5   2.842
7.41   5   2.864
7.42   5   2.885
7.43   5   2.906
7.44   5   2.927
7.45   5   2.948
7.46   5   2.969
7.47   5   2.989
7.48   5   3.009
7.49   5   3.029
7.5   5   3.049
7.51   5   3.068
7.52   5   3.088
7.53   5   3.107
7.54   5   3.126
7.55   5   3.144
7.56   5   3.163
7.57   5   3.181
7.58   5   3.199
7.59   5   3.217
7.6   5   3.235
7.61   5   3.253
7.62   5   3.27
7.63   5   3.288
7.64   5   3.305
7.65   5   3.322
7.66   5   3.339
7.67   5   3.355
7.68   5   3.372
7.69   5   3.388
7.7   5   3.404
7.71   5   3.42
7.72   5   3.436
7.73   5   3.451
7.74   5   3.467
7.75   5   3.482
7.76   5   3.497
7.77   5   3.512
7.78   5   3.527
7.79   5   3.542
7.8   5   3.557
7.81   5   3.571
7.82   5   3.585
7.83   5   3.599
7.84   5   3.613
7.85   5   3.627
7.86   5   3.641
7.87   5   3.655
7.88   5   3.668
7.89   5   3.681
7.9   5   3.695
7.91   5   3.708
7.92   5   3.721
7.93   5   3.733
7.94   5   3.746
7.95   5   3.759
7.96   5   3.771
7.97   5   3.783
7.98   5   3.795
7.99   5   3.808
8   5   3.819
8.01   5   3.831
8.02   5   3.843
8.03   5   3.855
8.04   5   3.866
8.05   5   3.877
8.06   5   3.889
8.07   5   3.9
8.08   5   3.911
8.09   5   3.922
8.1   5   3.932
8.11   5   3.943
8.12   5   3.954
8.13   5   3.964
8.14   5   3.974
8.15   5   3.985
8.16   5   3.995
8.17   5   4.005
8.18   5   4.015
8.19   5   4.025
8.2   5   4.034
8.21   0   4.044
8.22   0   4.004
8.23   0   3.964
8.24   0   3.924
8.25   0   3.885
8.26   0   3.846
8.27   0   3.807
8.28   0   3.769
8.29   0   3.732
8.3   0   3.694
8.31   0   3.657
8.32   0   3.621
8.33   0   3.585
8.34   0   3.549
8.35   0   3.513
8.36   0   3.478
8.37   0   3.443
8.38   0   3.409
8.39   0   3.375
8.4   0   3.341
8.41   0   3.308
8.42   0   3.275
8.43   0   3.242
8.44   0   3.209
8.45   0   3.177
8.46   0   3.146
8.47   0   3.114
8.48   0   3.083
8.49   0   3.052
8.5   0   3.022
8.51   0   2.991
8.52   0   2.961
8.53   0   2.932
8.54   0   2.903
8.55   0   2.874
8.56   0   2.845
8.57   0   2.816
8.58   0   2.788
8.59   0   2.76
8.6   0   2.733
8.61   0   2.705
8.62   0   2.678
8.63   0   2.652
8.64   0   2.625
8.65   0   2.599
8.66   0   2.573
8.67   0   2.547
8.68   0   2.522
8.69   0   2.496
8.7   0   2.471
8.71   0   2.447
8.72   0   2.422
8.73   0   2.398
8.74   0   2.374
8.75   0   2.35
8.76   0   2.327
8.77   0   2.304
8.78   0   2.28
8.79   0   2.258
8.8   0   2.235
8.81   0   2.213
8.82   0   2.191
8.83   0   2.169
8.84   0   2.147
8.85   0   2.126
8.86   0   2.104
8.87   0   2.083
8.88   0   2.062
8.89   0   2.042
8.9   0   2.021
8.91   0   2.001
8.92   0   1.981
8.93   0   1.961
8.94   0   1.942
8.95   0   1.922
8.96   0   1.903
8.97   0   1.884
8.98   0   1.865
8.99   0   1.847
9   0   1.828
9.01   5   1.81
9.02   5   1.842
9.03   5   1.873
9.04   5   1.905
9.05   5   1.936
9.06   5   1.966
9.07   5   1.997
9.08   5   2.027
9.09   5   2.056
9.1   5   2.086
9.11   5   2.115
9.12   5   2.144
9.13   5   2.172
9.14   5   2.201
9.15   5   2.229
9.16   5   2.256
9.17   5   2.284
9.18   5   2.311
9.19   5   2.338
9.2   5   2.364
9.21   5   2.391
9.22   5   2.417
9.23   5   2.443
9.24   5   2.468
9.25   5   2.494
9.26   5   2.519
9.27   5   2.543
9.28   5   2.568
9.29   5   2.592
9.3   5   2.616
9.31   5   2.64
9.32   5   2.664
9.33   5   2.687
9.34   5   2.71
9.35   5   2.733
9.36   5   2.756
9.37   5   2.778
9.38   5   2.801
9.39   5   2.823
9.4   5   2.844
9.41   5   2.866
9.42   5   2.887
9.43   5   2.908
9.44   5   2.929
9.45   5   2.95
9.46   5   2.97
9.47   5   2.991
9.48   5   3.011
9.49   5   3.031
9.5   5   3.05
9.51   5   3.07
9.52   5   3.089
9.53   5   3.108
9.54   5   3.127
9.55   5   3.146
9.56   5   3.165
9.57   5   3.183
9.58   5   3.201
9.59   5   3.219
9.6   5   3.237
9.61   5   3.254
9.62   5   3.272
9.63   5   3.289
9.64   5   3.306
9.65   5   3.323
9.66   5   3.34
9.67   5   3.357
9.68   5   3.373
9.69   5   3.389
9.7   5   3.405
9.71   5   3.421
9.72   5   3.437
9.73   5   3.453
9.74   5   3.468
9.75   5   3.484
9.76   5   3.499
9.77   5   3.514
9.78   5   3.529
9.79   5   3.543
9.8   5   3.558
9.81   5   3.572
9.82   5   3.587
9.83   5   3.601
9.84   5   3.615
9.85   5   3.629
9.86   5   3.642
9.87   5   3.656
9.88   5   3.669
9.89   5   3.683
9.9   5   3.696
9.91   5   3.709
9.92   5   3.722
9.93   5   3.735
9.94   5   3.747
9.95   5   3.76
9.96   5   3.772
9.97   5   3.784
9.98   5   3.797
9.99   5   3.809
10   5   3.82
10.01   5   3.832
