#Premier Ordre :
#1 - Exemple 1
#2 - Circuit A
#3 - Circuit B
#Deuxième Ordre :
#4 - Exemple 2
#5 - Circuit C
#6 - Circuit D
#Choisir la source ?
#1 - Echelon
#2 - Porte
#3 - Carre
#4 - Triangle
#5 - Rampe f(t)=-3*t (Exemple1)
#6 - Nulle (Exemple 2)
#Choix des valeurs pour le circuit suivant :
#_____/\/\/\____  
#|      R      _|_
#E           C ---
#|______________|
#Valeur de R (Ohm) : 
#Valeur de C (Farad) : 
#Temps   Ve   Vs   
0.01   0   0
0.02   0   0
0.03   0   0
0.04   0   0
0.05   0   0
0.06   0   0
0.07   0   0
0.08   0   0
0.09   0   0
0.1   0   0
0.11   0   0
0.12   0   0
0.13   0   0
0.14   0   0
0.15   0   0
0.16   0   0
0.17   0   0
0.18   0   0
0.19   0   0
0.2   0   0
0.21   0   0
0.22   0   0
0.23   0   0
0.24   0   0
0.25   0   0
0.26   0   0
0.27   0   0
0.28   0   0
0.29   0   0
0.3   0   0
0.31   0   0
0.32   0   0
0.33   0   0
0.34   0   0
0.35   0   0
0.36   0   0
0.37   0   0
0.38   0   0
0.39   0   0
0.4   0   0
0.41   0   0
0.42   0   0
0.43   0   0
0.44   0   0
0.45   0   0
0.46   0   0
0.47   0   0
0.48   0   0
0.49   0   0
0.5   0   0
0.51   0   0
0.52   0   0
0.53   0   0
0.54   0   0
0.55   0   0
0.56   0   0
0.57   0   0
0.58   0   0
0.59   0   0
0.6   0   0
0.61   0   0
0.62   0   0
0.63   0   0
0.64   0   0
0.65   0   0
0.66   0   0
0.67   0   0
0.68   0   0
0.69   0   0
0.7   0   0
0.71   0   0
0.72   0   0
0.73   0   0
0.74   0   0
0.75   0   0
0.76   0   0
0.77   0   0
0.78   0   0
0.79   0   0
0.8   0   0
0.81   0   0
0.82   0   0
0.83   0   0
0.84   0   0
0.85   0   0
0.86   0   0
0.87   0   0
0.88   0   0
0.89   0   0
0.9   0   0
0.91   0   0
0.92   0   0
0.93   0   0
0.94   0   0
0.95   0   0
0.96   0   0
0.97   0   0
0.98   0   0
0.99   0   0
1   5   0
1.01   5   0.05
1.02   5   0.0995
1.03   5   0.1485
1.04   5   0.197
1.05   5   0.245
1.06   5   0.2926
1.07   5   0.3397
1.08   5   0.3863
1.09   5   0.4324
1.1   5   0.4781
1.11   5   0.5233
1.12   5   0.5681
1.13   5   0.6124
1.14   5   0.6563
1.15   5   0.6997
1.16   5   0.7427
1.17   5   0.7853
1.18   5   0.8274
1.19   5   0.8692
1.2   5   0.9105
1.21   5   0.9514
1.22   5   0.9918
1.23   5   1.032
1.24   5   1.072
1.25   5   1.111
1.26   5   1.15
1.27   5   1.188
1.28   5   1.226
1.29   5   1.264
1.3   5   1.301
1.31   5   1.338
1.32   5   1.375
1.33   5   1.411
1.34   5   1.447
1.35   5   1.483
1.36   5   1.518
1.37   5   1.553
1.38   5   1.587
1.39   5   1.621
1.4   5   1.655
1.41   5   1.689
1.42   5   1.722
1.43   5   1.754
1.44   5   1.787
1.45   5   1.819
1.46   5   1.851
1.47   5   1.882
1.48   5   1.914
1.49   5   1.944
1.5   5   1.975
1.51   5   2.005
1.52   5   2.035
1.53   5   2.065
1.54   5   2.094
1.55   5   2.123
1.56   5   2.152
1.57   5   2.18
1.58   5   2.209
1.59   5   2.237
1.6   5   2.264
1.61   5   2.292
1.62   5   2.319
1.63   5   2.345
1.64   5   2.372
1.65   5   2.398
1.66   5   2.424
1.67   5   2.45
1.68   5   2.476
1.69   5   2.501
1.7   5   2.526
1.71   5   2.551
1.72   5   2.575
1.73   5   2.599
1.74   5   2.623
1.75   5   2.647
1.76   5   2.671
1.77   5   2.694
1.78   5   2.717
1.79   5   2.74
1.8   5   2.762
1.81   5   2.785
1.82   5   2.807
1.83   5   2.829
1.84   5   2.851
1.85   5   2.872
1.86   5   2.893
1.87   5   2.914
1.88   5   2.935
1.89   5   2.956
1.9   5   2.976
1.91   5   2.997
1.92   5   3.017
1.93   5   3.036
1.94   5   3.056
1.95   5   3.076
1.96   5   3.095
1.97   5   3.114
1.98   5   3.133
1.99   5   3.151
2   5   3.17
2.01   5   3.188
2.02   5   3.206
2.03   5   3.224
2.04   5   3.242
2.05   5   3.26
2.06   5   3.277
2.07   5   3.294
2.08   5   3.311
2.09   5   3.328
2.1   5   3.345
2.11   5   3.361
2.12   5   3.378
2.13   5   3.394
2.14   5   3.41
2.15   5   3.426
2.16   5   3.442
2.17   5   3.457
2.18   5   3.473
2.19   5   3.488
2.2   5   3.503
2.21   5   3.518
2.22   5   3.533
2.23   5   3.548
2.24   5   3.562
2.25   5   3.576
2.26   5   3.591
2.27   5   3.605
2.28   5   3.619
2.29   5   3.633
2.3   5   3.646
2.31   5   3.66
2.32   5   3.673
2.33   5   3.686
2.34   5   3.7
2.35   5   3.713
2.36   5   3.725
2.37   5   3.738
2.38   5   3.751
2.39   5   3.763
2.4   5   3.776
2.41   5   3.788
2.42   5   3.8
2.43   5   3.812
2.44   5   3.824
2.45   5   3.836
2.46   5   3.847
2.47   5   3.859
2.48   5   3.87
2.49   5   3.882
2.5   5   3.893
2.51   5   3.904
2.52   5   3.915
2.53   5   3.926
2.54   5   3.936
2.55   5   3.947
2.56   5   3.958
2.57   5   3.968
2.58   5   3.978
2.59   5   3.988
2.6   5   3.999
2.61   5   4.009
2.62   5   4.019
2.63   5   4.028
2.64   5   4.038
2.65   5   4.048
2.66   5   4.057
2.67   5   4.067
2.68   5   4.076
2.69   5   4.085
2.7   5   4.094
2.71   5   4.103
2.72   5   4.112
2.73   5   4.121
2.74   5   4.13
2.75   5   4.139
2.76   5   4.147
2.77   5   4.156
2.78   5   4.164
2.79   5   4.173
2.8   5   4.181
2.81   5   4.189
2.82   5   4.197
2.83   5   4.205
2.84   5   4.213
2.85   5   4.221
2.86   5   4.229
2.87   5   4.237
2.88   5   4.244
2.89   5   4.252
2.9   5   4.259
2.91   5   4.267
2.92   5   4.274
2.93   5   4.281
2.94   5   4.288
2.95   5   4.296
2.96   5   4.303
2.97   5   4.31
2.98   5   4.316
2.99   5   4.323
3   5   4.33
3.01   5   4.337
3.02   5   4.343
3.03   5   4.35
3.04   5   4.356
3.05   5   4.363
3.06   5   4.369
3.07   5   4.376
3.08   5   4.382
3.09   5   4.388
3.1   5   4.394
3.11   5   4.4
3.12   5   4.406
3.13   5   4.412
3.14   5   4.418
3.15   5   4.424
3.16   5   4.43
3.17   5   4.435
3.18   5   4.441
3.19   5   4.447
3.2   5   4.452
3.21   5   4.458
3.22   5   4.463
3.23   5   4.468
3.24   5   4.474
3.25   5   4.479
3.26   5   4.484
3.27   5   4.489
3.28   5   4.494
3.29   5   4.499
3.3   5   4.504
3.31   5   4.509
3.32   5   4.514
3.33   5   4.519
3.34   5   4.524
3.35   5   4.529
3.36   5   4.533
3.37   5   4.538
3.38   5   4.543
3.39   5   4.547
3.4   5   4.552
3.41   5   4.556
3.42   5   4.561
3.43   5   4.565
3.44   5   4.57
3.45   5   4.574
3.46   5   4.578
3.47   5   4.582
3.48   5   4.586
3.49   5   4.591
3.5   5   4.595
3.51   5   4.599
3.52   5   4.603
3.53   5   4.607
3.54   5   4.611
3.55   5   4.615
3.56   5   4.618
3.57   5   4.622
3.58   5   4.626
3.59   5   4.63
3.6   5   4.633
3.61   5   4.637
3.62   5   4.641
3.63   5   4.644
3.64   5   4.648
3.65   5   4.651
3.66   5   4.655
3.67   5   4.658
3.68   5   4.662
3.69   5   4.665
3.7   5   4.669
3.71   5   4.672
3.72   5   4.675
3.73   5   4.678
3.74   5   4.682
3.75   5   4.685
3.76   5   4.688
3.77   5   4.691
3.78   5   4.694
3.79   5   4.697
3.8   5   4.7
3.81   5   4.703
3.82   5   4.706
3.83   5   4.709
3.84   5   4.712
3.85   5   4.715
3.86   5   4.718
3.87   5   4.721
3.88   5   4.723
3.89   5   4.726
3.9   5   4.729
3.91   5   4.732
3.92   5   4.734
3.93   5   4.737
3.94   5   4.74
3.95   5   4.742
3.96   5   4.745
3.97   5   4.747
3.98   5   4.75
3.99   5   4.752
4   5   4.755
4.01   5   4.757
4.02   5   4.76
4.03   5   4.762
4.04   5   4.764
4.05   5   4.767
4.06   5   4.769
4.07   5   4.771
4.08   5   4.774
4.09   5   4.776
4.1   5   4.778
4.11   5   4.78
4.12   5   4.783
4.13   5   4.785
4.14   5   4.787
4.15   5   4.789
4.16   5   4.791
4.17   5   4.793
4.18   5   4.795
4.19   5   4.797
4.2   5   4.799
4.21   5   4.801
4.22   5   4.803
4.23   5   4.805
4.24   5   4.807
4.25   5   4.809
4.26   5   4.811
4.27   5   4.813
4.28   5   4.815
4.29   5   4.817
4.3   5   4.819
4.31   5   4.82
4.32   5   4.822
4.33   5   4.824
4.34   5   4.826
4.35   5   4.828
4.36   5   4.829
4.37   5   4.831
4.38   5   4.833
4.39   5   4.834
4.4   5   4.836
4.41   5   4.838
4.42   5   4.839
4.43   5   4.841
4.44   5   4.842
4.45   5   4.844
4.46   5   4.846
4.47   5   4.847
4.48   5   4.849
4.49   5   4.85
4.5   5   4.852
4.51   5   4.853
4.52   5   4.855
4.53   5   4.856
4.54   5   4.857
4.55   5   4.859
4.56   5   4.86
4.57   5   4.862
4.58   5   4.863
4.59   5   4.864
4.6   5   4.866
4.61   5   4.867
4.62   5   4.869
4.63   5   4.87
4.64   5   4.871
4.65   5   4.872
4.66   5   4.874
4.67   5   4.875
4.68   5   4.876
4.69   5   4.877
4.7   5   4.879
4.71   5   4.88
4.72   5   4.881
4.73   5   4.882
4.74   5   4.883
4.75   5   4.885
4.76   5   4.886
4.77   5   4.887
4.78   5   4.888
4.79   5   4.889
4.8   5   4.89
4.81   5   4.891
4.82   5   4.892
4.83   5   4.894
4.84   5   4.895
4.85   5   4.896
4.86   5   4.897
4.87   5   4.898
4.88   5   4.899
4.89   5   4.9
4.9   5   4.901
4.91   5   4.902
4.92   5   4.903
4.93   5   4.904
4.94   5   4.905
4.95   5   4.906
4.96   5   4.907
4.97   5   4.907
4.98   5   4.908
4.99   5   4.909
5   5   4.91
5.01   5   4.911
5.02   5   4.912
5.03   5   4.913
5.04   5   4.914
5.05   5   4.915
5.06   5   4.915
5.07   5   4.916
5.08   5   4.917
5.09   5   4.918
5.1   5   4.919
5.11   5   4.92
5.12   5   4.92
5.13   5   4.921
5.14   5   4.922
5.15   5   4.923
5.16   5   4.924
5.17   5   4.924
5.18   5   4.925
5.19   5   4.926
5.2   5   4.927
5.21   5   4.927
5.22   5   4.928
5.23   5   4.929
5.24   5   4.929
5.25   5   4.93
5.26   5   4.931
5.27   5   4.932
5.28   5   4.932
5.29   5   4.933
5.3   5   4.934
5.31   5   4.934
5.32   5   4.935
5.33   5   4.936
5.34   5   4.936
5.35   5   4.937
5.36   5   4.937
5.37   5   4.938
5.38   5   4.939
5.39   5   4.939
5.4   5   4.94
5.41   5   4.941
5.42   5   4.941
5.43   5   4.942
5.44   5   4.942
5.45   5   4.943
5.46   5   4.943
5.47   5   4.944
5.48   5   4.945
5.49   5   4.945
5.5   5   4.946
5.51   5   4.946
5.52   5   4.947
5.53   5   4.947
5.54   5   4.948
5.55   5   4.948
5.56   5   4.949
5.57   5   4.949
5.58   5   4.95
5.59   5   4.95
5.6   5   4.951
5.61   5   4.951
5.62   5   4.952
5.63   5   4.952
5.64   5   4.953
5.65   5   4.953
5.66   5   4.954
5.67   5   4.954
5.68   5   4.955
5.69   5   4.955
5.7   5   4.956
5.71   5   4.956
5.72   5   4.956
5.73   5   4.957
5.74   5   4.957
5.75   5   4.958
5.76   5   4.958
5.77   5   4.959
5.78   5   4.959
5.79   5   4.959
5.8   5   4.96
5.81   5   4.96
5.82   5   4.961
5.83   5   4.961
5.84   5   4.961
5.85   5   4.962
5.86   5   4.962
5.87   5   4.963
5.88   5   4.963
5.89   5   4.963
5.9   5   4.964
5.91   5   4.964
5.92   5   4.964
5.93   5   4.965
5.94   5   4.965
5.95   5   4.965
5.96   5   4.966
5.97   5   4.966
5.98   5   4.966
5.99   5   4.967
6   5   4.967
6.01   5   4.967
6.02   5   4.968
6.03   5   4.968
6.04   5   4.968
6.05   5   4.969
6.06   5   4.969
6.07   5   4.969
6.08   5   4.97
6.09   5   4.97
6.1   5   4.97
6.11   5   4.971
6.12   5   4.971
6.13   5   4.971
6.14   5   4.971
6.15   5   4.972
6.16   5   4.972
6.17   5   4.972
6.18   5   4.973
6.19   5   4.973
6.2   5   4.973
6.21   5   4.973
6.22   5   4.974
6.23   5   4.974
6.24   5   4.974
6.25   5   4.974
6.26   5   4.975
6.27   5   4.975
6.28   5   4.975
6.29   5   4.975
6.3   5   4.976
6.31   5   4.976
6.32   5   4.976
6.33   5   4.976
6.34   5   4.977
6.35   5   4.977
6.36   5   4.977
6.37   5   4.977
6.38   5   4.978
6.39   5   4.978
6.4   5   4.978
6.41   5   4.978
6.42   5   4.978
6.43   5   4.979
6.44   5   4.979
6.45   5   4.979
6.46   5   4.979
6.47   5   4.98
6.48   5   4.98
6.49   5   4.98
6.5   5   4.98
6.51   5   4.98
6.52   5   4.981
6.53   5   4.981
6.54   5   4.981
6.55   5   4.981
6.56   5   4.981
6.57   5   4.981
6.58   5   4.982
6.59   5   4.982
6.6   5   4.982
6.61   5   4.982
6.62   5   4.982
6.63   5   4.983
6.64   5   4.983
6.65   5   4.983
6.66   5   4.983
6.67   5   4.983
6.68   5   4.983
6.69   5   4.984
6.7   5   4.984
6.71   5   4.984
6.72   5   4.984
6.73   5   4.984
6.74   5   4.984
6.75   5   4.985
6.76   5   4.985
6.77   5   4.985
6.78   5   4.985
6.79   5   4.985
6.8   5   4.985
6.81   5   4.985
6.82   5   4.986
6.83   5   4.986
6.84   5   4.986
6.85   5   4.986
6.86   5   4.986
6.87   5   4.986
6.88   5   4.986
6.89   5   4.987
6.9   5   4.987
6.91   5   4.987
6.92   5   4.987
6.93   5   4.987
6.94   5   4.987
6.95   5   4.987
6.96   5   4.987
6.97   5   4.988
6.98   5   4.988
6.99   5   4.988
7   5   4.988
7.01   5   4.988
7.02   5   4.988
7.03   5   4.988
7.04   5   4.988
7.05   5   4.989
7.06   5   4.989
7.07   5   4.989
7.08   5   4.989
7.09   5   4.989
7.1   5   4.989
7.11   5   4.989
7.12   5   4.989
7.13   5   4.989
7.14   5   4.99
7.15   5   4.99
7.16   5   4.99
7.17   5   4.99
7.18   5   4.99
7.19   5   4.99
7.2   5   4.99
7.21   5   4.99
7.22   5   4.99
7.23   5   4.99
7.24   5   4.991
7.25   5   4.991
7.26   5   4.991
7.27   5   4.991
7.28   5   4.991
7.29   5   4.991
7.3   5   4.991
7.31   5   4.991
7.32   5   4.991
7.33   5   4.991
7.34   5   4.991
7.35   5   4.992
7.36   5   4.992
7.37   5   4.992
7.38   5   4.992
7.39   5   4.992
7.4   5   4.992
7.41   5   4.992
7.42   5   4.992
7.43   5   4.992
7.44   5   4.992
7.45   5   4.992
7.46   5   4.992
7.47   5   4.993
7.48   5   4.993
7.49   5   4.993
7.5   5   4.993
7.51   5   4.993
7.52   5   4.993
7.53   5   4.993
7.54   5   4.993
7.55   5   4.993
7.56   5   4.993
7.57   5   4.993
7.58   5   4.993
7.59   5   4.993
7.6   5   4.993
7.61   5   4.993
7.62   5   4.994
7.63   5   4.994
7.64   5   4.994
7.65   5   4.994
7.66   5   4.994
7.67   5   4.994
7.68   5   4.994
7.69   5   4.994
7.7   5   4.994
7.71   5   4.994
7.72   5   4.994
7.73   5   4.994
7.74   5   4.994
7.75   5   4.994
7.76   5   4.994
7.77   5   4.994
7.78   5   4.995
7.79   5   4.995
7.8   5   4.995
7.81   5   4.995
7.82   5   4.995
7.83   5   4.995
7.84   5   4.995
7.85   5   4.995
7.86   5   4.995
7.87   5   4.995
7.88   5   4.995
7.89   5   4.995
7.9   5   4.995
7.91   5   4.995
7.92   5   4.995
7.93   5   4.995
7.94   5   4.995
7.95   5   4.995
7.96   5   4.995
7.97   5   4.995
7.98   5   4.996
7.99   5   4.996
8   5   4.996
8.01   5   4.996
8.02   5   4.996
8.03   5   4.996
8.04   5   4.996
8.05   5   4.996
8.06   5   4.996
8.07   5   4.996
8.08   5   4.996
8.09   5   4.996
8.1   5   4.996
8.11   5   4.996
8.12   5   4.996
8.13   5   4.996
8.14   5   4.996
8.15   5   4.996
8.16   5   4.996
8.17   5   4.996
8.18   5   4.996
8.19   5   4.996
8.2   5   4.996
8.21   5   4.996
8.22   5   4.996
8.23   5   4.997
8.24   5   4.997
8.25   5   4.997
8.26   5   4.997
8.27   5   4.997
8.28   5   4.997
8.29   5   4.997
8.3   5   4.997
8.31   5   4.997
8.32   5   4.997
8.33   5   4.997
8.34   5   4.997
8.35   5   4.997
8.36   5   4.997
8.37   5   4.997
8.38   5   4.997
8.39   5   4.997
8.4   5   4.997
8.41   5   4.997
8.42   5   4.997
8.43   5   4.997
8.44   5   4.997
8.45   5   4.997
8.46   5   4.997
8.47   5   4.997
8.48   5   4.997
8.49   5   4.997
8.5   5   4.997
8.51   5   4.997
8.52   5   4.997
8.53   5   4.997
8.54   5   4.997
8.55   5   4.997
8.56   5   4.997
8.57   5   4.998
8.58   5   4.998
8.59   5   4.998
8.6   5   4.998
8.61   5   4.998
8.62   5   4.998
8.63   5   4.998
8.64   5   4.998
8.65   5   4.998
8.66   5   4.998
8.67   5   4.998
8.68   5   4.998
8.69   5   4.998
8.7   5   4.998
8.71   5   4.998
8.72   5   4.998
8.73   5   4.998
8.74   5   4.998
8.75   5   4.998
8.76   5   4.998
8.77   5   4.998
8.78   5   4.998
8.79   5   4.998
8.8   5   4.998
8.81   5   4.998
8.82   5   4.998
8.83   5   4.998
8.84   5   4.998
8.85   5   4.998
8.86   5   4.998
8.87   5   4.998
8.88   5   4.998
8.89   5   4.998
8.9   5   4.998
8.91   5   4.998
8.92   5   4.998
8.93   5   4.998
8.94   5   4.998
8.95   5   4.998
8.96   5   4.998
8.97   5   4.998
8.98   5   4.998
8.99   5   4.998
9   5   4.998
9.01   5   4.998
9.02   5   4.998
9.03   5   4.998
9.04   5   4.998
9.05   5   4.998
9.06   5   4.998
9.07   5   4.998
9.08   5   4.999
9.09   5   4.999
9.1   5   4.999
9.11   5   4.999
9.12   5   4.999
9.13   5   4.999
9.14   5   4.999
9.15   5   4.999
9.16   5   4.999
9.17   5   4.999
9.18   5   4.999
9.19   5   4.999
9.2   5   4.999
9.21   5   4.999
9.22   5   4.999
9.23   5   4.999
9.24   5   4.999
9.25   5   4.999
9.26   5   4.999
9.27   5   4.999
9.28   5   4.999
9.29   5   4.999
9.3   5   4.999
9.31   5   4.999
9.32   5   4.999
9.33   5   4.999
9.34   5   4.999
9.35   5   4.999
9.36   5   4.999
9.37   5   4.999
9.38   5   4.999
9.39   5   4.999
9.4   5   4.999
9.41   5   4.999
9.42   5   4.999
9.43   5   4.999
9.44   5   4.999
9.45   5   4.999
9.46   5   4.999
9.47   5   4.999
9.48   5   4.999
9.49   5   4.999
9.5   5   4.999
9.51   5   4.999
9.52   5   4.999
9.53   5   4.999
9.54   5   4.999
9.55   5   4.999
9.56   5   4.999
9.57   5   4.999
9.58   5   4.999
9.59   5   4.999
9.6   5   4.999
9.61   5   4.999
9.62   5   4.999
9.63   5   4.999
9.64   5   4.999
9.65   5   4.999
9.66   5   4.999
9.67   5   4.999
9.68   5   4.999
9.69   5   4.999
9.7   5   4.999
9.71   5   4.999
9.72   5   4.999
9.73   5   4.999
9.74   5   4.999
9.75   5   4.999
9.76   5   4.999
9.77   5   4.999
9.78   5   4.999
9.79   5   4.999
9.8   5   4.999
9.81   5   4.999
9.82   5   4.999
9.83   5   4.999
9.84   5   4.999
9.85   5   4.999
9.86   5   4.999
9.87   5   4.999
9.88   5   4.999
9.89   5   4.999
9.9   5   4.999
9.91   5   4.999
9.92   5   4.999
9.93   5   4.999
9.94   5   4.999
9.95   5   4.999
9.96   5   4.999
9.97   5   4.999
9.98   5   4.999
9.99   5   4.999
10   5   4.999
10.01   5   4.999
