#Premier Ordre :
#1 - Exemple 1
#2 - Circuit A
#3 - Circuit B
#Deuxième Ordre :
#4 - Exemple 2
#5 - Circuit C
#6 - Circuit D
#Choisir la source ?
#1 - Echelon
#2 - Porte
#3 - Carre
#4 - Triangle
#5 - Rampe f(t)=-3*t (Exemple1)
#6 - Nulle (Exemple 2)
#Choix des valeurs pour le circuit suivant :
#_____/\/\/\____  
#|      R      _|_
#E           C ---
#|______________|
#Valeur de R (Ohm) : 
#Valeur de C (Farad) : 
#Temps   Ve   Vs   
0.01   2.45   0.025
0.02   2.4   0.04925
0.03   2.35   0.07276
0.04   2.3   0.09553
0.05   2.25   0.1176
0.06   2.2   0.1389
0.07   2.15   0.1595
0.08   2.1   0.1794
0.09   2.05   0.1986
0.1   2   0.2171
0.11   1.95   0.235
0.12   1.9   0.2521
0.13   1.85   0.2686
0.14   1.8   0.2844
0.15   1.75   0.2996
0.16   1.7   0.3141
0.17   1.65   0.3279
0.18   1.6   0.3411
0.19   1.55   0.3537
0.2   1.5   0.3657
0.21   1.45   0.377
0.22   1.4   0.3878
0.23   1.35   0.3979
0.24   1.3   0.4074
0.25   1.25   0.4163
0.26   1.2   0.4247
0.27   1.15   0.4324
0.28   1.1   0.4396
0.29   1.05   0.4462
0.3   1   0.4522
0.31   0.95   0.4577
0.32   0.9   0.4626
0.33   0.85   0.467
0.34   0.8   0.4709
0.35   0.75   0.4741
0.36   0.7   0.4769
0.37   0.65   0.4791
0.38   0.6   0.4808
0.39   0.55   0.482
0.4   0.5   0.4827
0.41   0.45   0.4829
0.42   0.4   0.4826
0.43   0.35   0.4817
0.44   0.3   0.4804
0.45   0.25   0.4786
0.46   0.2   0.4763
0.47   0.15   0.4736
0.48   0.1   0.4703
0.49   0.05   0.4666
0.5   -1.11e-15   0.4625
0.51   -0.05   0.4578
0.52   -0.1   0.4528
0.53   -0.15   0.4472
0.54   -0.2   0.4413
0.55   -0.25   0.4348
0.56   -0.3   0.428
0.57   -0.35   0.4207
0.58   -0.4   0.413
0.59   -0.45   0.4049
0.6   -0.5   0.3963
0.61   -0.55   0.3874
0.62   -0.6   0.378
0.63   -0.65   0.3682
0.64   -0.7   0.358
0.65   -0.75   0.3474
0.66   -0.8   0.3365
0.67   -0.85   0.3251
0.68   -0.9   0.3134
0.69   -0.95   0.3012
0.7   -1   0.2887
0.71   -1.05   0.2758
0.72   -1.1   0.2626
0.73   -1.15   0.2489
0.74   -1.2   0.2349
0.75   -1.25   0.2206
0.76   -1.3   0.2059
0.77   -1.35   0.1908
0.78   -1.4   0.1754
0.79   -1.45   0.1597
0.8   -1.5   0.1436
0.81   -1.55   0.1271
0.82   -1.6   0.1104
0.83   -1.65   0.09327
0.84   -1.7   0.07583
0.85   -1.75   0.05807
0.86   -1.8   0.03999
0.87   -1.85   0.02159
0.88   -1.9   0.002877
0.89   -1.95   -0.01615
0.9   -2   -0.03549
0.91   -2.05   -0.05513
0.92   -2.1   -0.07508
0.93   -2.15   -0.09533
0.94   -2.2   -0.1159
0.95   -2.25   -0.1367
0.96   -2.3   -0.1579
0.97   -2.35   -0.1793
0.98   -2.4   -0.201
0.99   -2.45   -0.223
1   -2.5   -0.2452
1.01   -2.45   -0.2678
1.02   -2.4   -0.2896
1.03   -2.35   -0.3107
1.04   -2.3   -0.3311
1.05   -2.25   -0.3508
1.06   -2.2   -0.3698
1.07   -2.15   -0.3881
1.08   -2.1   -0.4057
1.09   -2.05   -0.4227
1.1   -2   -0.4389
1.11   -1.95   -0.4545
1.12   -1.9   -0.4695
1.13   -1.85   -0.4838
1.14   -1.8   -0.4975
1.15   -1.75   -0.5105
1.16   -1.7   -0.5229
1.17   -1.65   -0.5347
1.18   -1.6   -0.5458
1.19   -1.55   -0.5563
1.2   -1.5   -0.5663
1.21   -1.45   -0.5756
1.22   -1.4   -0.5844
1.23   -1.35   -0.5925
1.24   -1.3   -0.6001
1.25   -1.25   -0.6071
1.26   -1.2   -0.6135
1.27   -1.15   -0.6194
1.28   -1.1   -0.6247
1.29   -1.05   -0.6294
1.3   -1   -0.6337
1.31   -0.95   -0.6373
1.32   -0.9   -0.6404
1.33   -0.85   -0.643
1.34   -0.8   -0.6451
1.35   -0.75   -0.6467
1.36   -0.7   -0.6477
1.37   -0.65   -0.6482
1.38   -0.6   -0.6482
1.39   -0.55   -0.6477
1.4   -0.5   -0.6468
1.41   -0.45   -0.6453
1.42   -0.4   -0.6434
1.43   -0.35   -0.6409
1.44   -0.3   -0.638
1.45   -0.25   -0.6346
1.46   -0.2   -0.6308
1.47   -0.15   -0.6265
1.48   -0.1   -0.6217
1.49   -0.05   -0.6165
1.5   5.551e-15   -0.6108
1.51   0.05   -0.6047
1.52   0.1   -0.5982
1.53   0.15   -0.5912
1.54   0.2   -0.5838
1.55   0.25   -0.5759
1.56   0.3   -0.5677
1.57   0.35   -0.559
1.58   0.4   -0.5499
1.59   0.45   -0.5404
1.6   0.5   -0.5305
1.61   0.55   -0.5202
1.62   0.6   -0.5095
1.63   0.65   -0.4984
1.64   0.7   -0.4869
1.65   0.75   -0.4751
1.66   0.8   -0.4628
1.67   0.85   -0.4502
1.68   0.9   -0.4372
1.69   0.95   -0.4238
1.7   1   -0.4101
1.71   1.05   -0.396
1.72   1.1   -0.3815
1.73   1.15   -0.3667
1.74   1.2   -0.3515
1.75   1.25   -0.336
1.76   1.3   -0.3201
1.77   1.35   -0.3039
1.78   1.4   -0.2874
1.79   1.45   -0.2705
1.8   1.5   -0.2533
1.81   1.55   -0.2358
1.82   1.6   -0.2179
1.83   1.65   -0.1998
1.84   1.7   -0.1813
1.85   1.75   -0.1624
1.86   1.8   -0.1433
1.87   1.85   -0.1239
1.88   1.9   -0.1042
1.89   1.95   -0.08411
1.9   2   -0.06377
1.91   2.05   -0.04313
1.92   2.1   -0.0222
1.93   2.15   -0.0009767
1.94   2.2   0.02053
1.95   2.25   0.04233
1.96   2.3   0.0644
1.97   2.35   0.08676
1.98   2.4   0.1094
1.99   2.45   0.1323
2   2.5   0.1555
2.01   2.45   0.1789
2.02   2.4   0.2016
2.03   2.35   0.2236
2.04   2.3   0.2449
2.05   2.25   0.2654
2.06   2.2   0.2853
2.07   2.15   0.3044
2.08   2.1   0.3229
2.09   2.05   0.3407
2.1   2   0.3577
2.11   1.95   0.3742
2.12   1.9   0.3899
2.13   1.85   0.405
2.14   1.8   0.4195
2.15   1.75   0.4333
2.16   1.7   0.4464
2.17   1.65   0.459
2.18   1.6   0.4709
2.19   1.55   0.4822
2.2   1.5   0.4929
2.21   1.45   0.5029
2.22   1.4   0.5124
2.23   1.35   0.5213
2.24   1.3   0.5296
2.25   1.25   0.5373
2.26   1.2   0.5444
2.27   1.15   0.551
2.28   1.1   0.5569
2.29   1.05   0.5624
2.3   1   0.5673
2.31   0.95   0.5716
2.32   0.9   0.5754
2.33   0.85   0.5786
2.34   0.8   0.5813
2.35   0.75   0.5835
2.36   0.7   0.5852
2.37   0.65   0.5863
2.38   0.6   0.587
2.39   0.55   0.5871
2.4   0.5   0.5867
2.41   0.45   0.5859
2.42   0.4   0.5845
2.43   0.35   0.5827
2.44   0.3   0.5803
2.45   0.25   0.5775
2.46   0.2   0.5742
2.47   0.15   0.5705
2.48   0.1   0.5663
2.49   0.05   0.5616
2.5   4.663e-14   0.5565
2.51   -0.05   0.551
2.52   -0.1   0.5449
2.53   -0.15   0.5385
2.54   -0.2   0.5316
2.55   -0.25   0.5243
2.56   -0.3   0.5166
2.57   -0.35   0.5084
2.58   -0.4   0.4998
2.59   -0.45   0.4908
2.6   -0.5   0.4814
2.61   -0.55   0.4716
2.62   -0.6   0.4614
2.63   -0.65   0.4508
2.64   -0.7   0.4397
2.65   -0.75   0.4283
2.66   -0.8   0.4166
2.67   -0.85   0.4044
2.68   -0.9   0.3919
2.69   -0.95   0.3789
2.7   -1   0.3656
2.71   -1.05   0.352
2.72   -1.1   0.338
2.73   -1.15   0.3236
2.74   -1.2   0.3089
2.75   -1.25   0.2938
2.76   -1.3   0.2783
2.77   -1.35   0.2625
2.78   -1.4   0.2464
2.79   -1.45   0.23
2.8   -1.5   0.2132
2.81   -1.55   0.196
2.82   -1.6   0.1786
2.83   -1.65   0.1608
2.84   -1.7   0.1427
2.85   -1.75   0.1242
2.86   -1.8   0.1055
2.87   -1.85   0.08645
2.88   -1.9   0.06708
2.89   -1.95   0.04741
2.9   -2   0.02744
2.91   -2.05   0.007162
2.92   -2.1   -0.01341
2.93   -2.15   -0.03428
2.94   -2.2   -0.05543
2.95   -2.25   -0.07688
2.96   -2.3   -0.09861
2.97   -2.35   -0.1206
2.98   -2.4   -0.1429
2.99   -2.45   -0.1655
3   -2.5   -0.1883
3.01   -2.45   -0.2115
3.02   -2.4   -0.2338
3.03   -2.35   -0.2555
3.04   -2.3   -0.2764
3.05   -2.25   -0.2967
3.06   -2.2   -0.3162
3.07   -2.15   -0.335
3.08   -2.1   -0.3532
3.09   -2.05   -0.3707
3.1   -2   -0.3875
3.11   -1.95   -0.4036
3.12   -1.9   -0.419
3.13   -1.85   -0.4339
3.14   -1.8   -0.448
3.15   -1.75   -0.4615
3.16   -1.7   -0.4744
3.17   -1.65   -0.4867
3.18   -1.6   -0.4983
3.19   -1.55   -0.5093
3.2   -1.5   -0.5197
3.21   -1.45   -0.5295
3.22   -1.4   -0.5387
3.23   -1.35   -0.5474
3.24   -1.3   -0.5554
3.25   -1.25   -0.5628
3.26   -1.2   -0.5697
3.27   -1.15   -0.576
3.28   -1.1   -0.5817
3.29   -1.05   -0.5869
3.3   -1   -0.5916
3.31   -0.95   -0.5956
3.32   -0.9   -0.5992
3.33   -0.85   -0.6022
3.34   -0.8   -0.6047
3.35   -0.75   -0.6066
3.36   -0.7   -0.6081
3.37   -0.65   -0.609
3.38   -0.6   -0.6094
3.39   -0.55   -0.6093
3.4   -0.5   -0.6087
3.41   -0.45   -0.6076
3.42   -0.4   -0.606
3.43   -0.35   -0.604
3.44   -0.3   -0.6014
3.45   -0.25   -0.5984
3.46   -0.2   -0.5949
3.47   -0.15   -0.591
3.48   -0.1   -0.5866
3.49   -0.05   -0.5817
3.5   -1.532e-13   -0.5764
3.51   0.05   -0.5706
3.52   0.1   -0.5644
3.53   0.15   -0.5578
3.54   0.2   -0.5507
3.55   0.25   -0.5432
3.56   0.3   -0.5353
3.57   0.35   -0.5269
3.58   0.4   -0.5181
3.59   0.45   -0.509
3.6   0.5   -0.4994
3.61   0.55   -0.4894
3.62   0.6   -0.479
3.63   0.65   -0.4682
3.64   0.7   -0.457
3.65   0.75   -0.4454
3.66   0.8   -0.4335
3.67   0.85   -0.4212
3.68   0.9   -0.4084
3.69   0.95   -0.3954
3.7   1   -0.3819
3.71   1.05   -0.3681
3.72   1.1   -0.3539
3.73   1.15   -0.3394
3.74   1.2   -0.3245
3.75   1.25   -0.3092
3.76   1.3   -0.2936
3.77   1.35   -0.2777
3.78   1.4   -0.2614
3.79   1.45   -0.2448
3.8   1.5   -0.2279
3.81   1.55   -0.2106
3.82   1.6   -0.193
3.83   1.65   -0.175
3.84   1.7   -0.1568
3.85   1.75   -0.1382
3.86   1.8   -0.1193
3.87   1.85   -0.1002
3.88   1.9   -0.08065
3.89   1.95   -0.06084
3.9   2   -0.04073
3.91   2.05   -0.02033
3.92   2.1   0.0003759
3.93   2.15   0.02137
3.94   2.2   0.04266
3.95   2.25   0.06423
3.96   2.3   0.08609
3.97   2.35   0.1082
3.98   2.4   0.1306
3.99   2.45   0.1533
4   2.5   0.1763
4.01   2.45   0.1995
4.02   2.4   0.222
4.03   2.35   0.2438
4.04   2.3   0.2649
4.05   2.25   0.2852
4.06   2.2   0.3049
4.07   2.15   0.3238
4.08   2.1   0.3421
4.09   2.05   0.3597
4.1   2   0.3766
4.11   1.95   0.3928
4.12   1.9   0.4084
4.13   1.85   0.4233
4.14   1.8   0.4376
4.15   1.75   0.4512
4.16   1.7   0.4642
4.17   1.65   0.4765
4.18   1.6   0.4883
4.19   1.55   0.4994
4.2   1.5   0.5099
4.21   1.45   0.5198
4.22   1.4   0.5291
4.23   1.35   0.5378
4.24   1.3   0.5459
4.25   1.25   0.5535
4.26   1.2   0.5604
4.27   1.15   0.5668
4.28   1.1   0.5727
4.29   1.05   0.5779
4.3   1   0.5827
4.31   0.95   0.5868
4.32   0.9   0.5905
4.33   0.85   0.5936
4.34   0.8   0.5961
4.35   0.75   0.5982
4.36   0.7   0.5997
4.37   0.65   0.6007
4.38   0.6   0.6012
4.39   0.55   0.6012
4.4   0.5   0.6007
4.41   0.45   0.5996
4.42   0.4   0.5982
4.43   0.35   0.5962
4.44   0.3   0.5937
4.45   0.25   0.5908
4.46   0.2   0.5874
4.47   0.15   0.5835
4.48   0.1   0.5792
4.49   0.05   0.5744
4.5   2.576e-13   0.5691
4.51   -0.05   0.5634
4.52   -0.1   0.5573
4.53   -0.15   0.5507
4.54   -0.2   0.5437
4.55   -0.25   0.5363
4.56   -0.3   0.5284
4.57   -0.35   0.5201
4.58   -0.4   0.5114
4.59   -0.45   0.5023
4.6   -0.5   0.4928
4.61   -0.55   0.4829
4.62   -0.6   0.4725
4.63   -0.65   0.4618
4.64   -0.7   0.4507
4.65   -0.75   0.4392
4.66   -0.8   0.4273
4.67   -0.85   0.415
4.68   -0.9   0.4024
4.69   -0.95   0.3893
4.7   -1   0.376
4.71   -1.05   0.3622
4.72   -1.1   0.3481
4.73   -1.15   0.3336
4.74   -1.2   0.3188
4.75   -1.25   0.3036
4.76   -1.3   0.288
4.77   -1.35   0.2722
4.78   -1.4   0.2559
4.79   -1.45   0.2394
4.8   -1.5   0.2225
4.81   -1.55   0.2053
4.82   -1.6   0.1877
4.83   -1.65   0.1698
4.84   -1.7   0.1516
4.85   -1.75   0.1331
4.86   -1.8   0.1143
4.87   -1.85   0.09513
4.88   -1.9   0.07568
4.89   -1.95   0.05593
4.9   -2   0.03587
4.91   -2.05   0.01551
4.92   -2.1   -0.005147
4.93   -2.15   -0.0261
4.94   -2.2   -0.04733
4.95   -2.25   -0.06886
4.96   -2.3   -0.09067
4.97   -2.35   -0.1128
4.98   -2.4   -0.1351
4.99   -2.45   -0.1578
5   -2.5   -0.1807
5.01   -2.45   -0.2039
5.02   -2.4   -0.2264
5.03   -2.35   -0.2481
5.04   -2.3   -0.2691
5.05   -2.25   -0.2894
5.06   -2.2   -0.309
5.07   -2.15   -0.3279
5.08   -2.1   -0.3462
5.09   -2.05   -0.3637
5.1   -2   -0.3806
5.11   -1.95   -0.3968
5.12   -1.9   -0.4123
5.13   -1.85   -0.4272
5.14   -1.8   -0.4414
5.15   -1.75   -0.455
5.16   -1.7   -0.4679
5.17   -1.65   -0.4803
5.18   -1.6   -0.492
5.19   -1.55   -0.503
5.2   -1.5   -0.5135
5.21   -1.45   -0.5234
5.22   -1.4   -0.5326
5.23   -1.35   -0.5413
5.24   -1.3   -0.5494
5.25   -1.25   -0.5569
5.26   -1.2   -0.5638
5.27   -1.15   -0.5702
5.28   -1.1   -0.576
5.29   -1.05   -0.5812
5.3   -1   -0.5859
5.31   -0.95   -0.5901
5.32   -0.9   -0.5937
5.33   -0.85   -0.5967
5.34   -0.8   -0.5993
5.35   -0.75   -0.6013
5.36   -0.7   -0.6027
5.37   -0.65   -0.6037
5.38   -0.6   -0.6042
5.39   -0.55   -0.6041
5.4   -0.5   -0.6036
5.41   -0.45   -0.6026
5.42   -0.4   -0.601
5.43   -0.35   -0.599
5.44   -0.3   -0.5965
5.45   -0.25   -0.5936
5.46   -0.2   -0.5901
5.47   -0.15   -0.5862
5.48   -0.1   -0.5819
5.49   -0.05   -0.5771
5.5   -3.642e-13   -0.5718
5.51   0.05   -0.5661
5.52   0.1   -0.5599
5.53   0.15   -0.5533
5.54   0.2   -0.5463
5.55   0.25   -0.5388
5.56   0.3   -0.5309
5.57   0.35   -0.5226
5.58   0.4   -0.5139
5.59   0.45   -0.5047
5.6   0.5   -0.4952
5.61   0.55   -0.4852
5.62   0.6   -0.4749
5.63   0.65   -0.4641
5.64   0.7   -0.453
5.65   0.75   -0.4415
5.66   0.8   -0.4296
5.67   0.85   -0.4173
5.68   0.9   -0.4046
5.69   0.95   -0.3915
5.7   1   -0.3781
5.71   1.05   -0.3644
5.72   1.1   -0.3502
5.73   1.15   -0.3357
5.74   1.2   -0.3208
5.75   1.25   -0.3056
5.76   1.3   -0.2901
5.77   1.35   -0.2742
5.78   1.4   -0.2579
5.79   1.45   -0.2414
5.8   1.5   -0.2244
5.81   1.55   -0.2072
5.82   1.6   -0.1896
5.83   1.65   -0.1717
5.84   1.7   -0.1535
5.85   1.75   -0.135
5.86   1.8   -0.1161
5.87   1.85   -0.09697
5.88   1.9   -0.0775
5.89   1.95   -0.05773
5.9   2   -0.03765
5.91   2.05   -0.01727
5.92   2.1   0.0034
5.93   2.15   0.02437
5.94   2.2   0.04562
5.95   2.25   0.06717
5.96   2.3   0.08899
5.97   2.35   0.1111
5.98   2.4   0.1335
5.99   2.45   0.1562
6   2.5   0.1791
6.01   2.45   0.2023
6.02   2.4   0.2248
6.03   2.35   0.2465
6.04   2.3   0.2676
6.05   2.25   0.2879
6.06   2.2   0.3075
6.07   2.15   0.3264
6.08   2.1   0.3447
6.09   2.05   0.3622
6.1   2   0.3791
6.11   1.95   0.3953
6.12   1.9   0.4109
6.13   1.85   0.4258
6.14   1.8   0.44
6.15   1.75   0.4536
6.16   1.7   0.4666
6.17   1.65   0.4789
6.18   1.6   0.4906
6.19   1.55   0.5017
6.2   1.5   0.5122
6.21   1.45   0.5221
6.22   1.4   0.5313
6.23   1.35   0.54
6.24   1.3   0.5481
6.25   1.25   0.5556
6.26   1.2   0.5626
6.27   1.15   0.569
6.28   1.1   0.5748
6.29   1.05   0.58
6.3   1   0.5847
6.31   0.95   0.5889
6.32   0.9   0.5925
6.33   0.85   0.5956
6.34   0.8   0.5981
6.35   0.75   0.6001
6.36   0.7   0.6016
6.37   0.65   0.6026
6.38   0.6   0.6031
6.39   0.55   0.6031
6.4   0.5   0.6025
6.41   0.45   0.6015
6.42   0.4   0.6
6.43   0.35   0.598
6.44   0.3   0.5955
6.45   0.25   0.5925
6.46   0.2   0.5891
6.47   0.15   0.5852
6.48   0.1   0.5809
6.49   0.05   0.5761
6.5   4.707e-13   0.5708
6.51   -0.05   0.5651
6.52   -0.1   0.559
6.53   -0.15   0.5524
6.54   -0.2   0.5453
6.55   -0.25   0.5379
6.56   -0.3   0.53
6.57   -0.35   0.5217
6.58   -0.4   0.513
6.59   -0.45   0.5039
6.6   -0.5   0.4943
6.61   -0.55   0.4844
6.62   -0.6   0.474
6.63   -0.65   0.4633
6.64   -0.7   0.4522
6.65   -0.75   0.4406
6.66   -0.8   0.4287
6.67   -0.85   0.4164
6.68   -0.9   0.4038
6.69   -0.95   0.3907
6.7   -1   0.3773
6.71   -1.05   0.3636
6.72   -1.1   0.3494
6.73   -1.15   0.3349
6.74   -1.2   0.3201
6.75   -1.25   0.3049
6.76   -1.3   0.2893
6.77   -1.35   0.2734
6.78   -1.4   0.2572
6.79   -1.45   0.2406
6.8   -1.5   0.2237
6.81   -1.55   0.2065
6.82   -1.6   0.1889
6.83   -1.65   0.171
6.84   -1.7   0.1528
6.85   -1.75   0.1343
6.86   -1.8   0.1155
6.87   -1.85   0.0963
6.88   -1.9   0.07684
6.89   -1.95   0.05707
6.9   -2   0.037
6.91   -2.05   0.01663
6.92   -2.1   -0.00404
6.93   -2.15   -0.025
6.94   -2.2   -0.04625
6.95   -2.25   -0.06779
6.96   -2.3   -0.08961
6.97   -2.35   -0.1117
6.98   -2.4   -0.1341
6.99   -2.45   -0.1568
7   -2.5   -0.1797
7.01   -2.45   -0.2029
7.02   -2.4   -0.2254
7.03   -2.35   -0.2471
7.04   -2.3   -0.2681
7.05   -2.25   -0.2885
7.06   -2.2   -0.3081
7.07   -2.15   -0.327
7.08   -2.1   -0.3452
7.09   -2.05   -0.3628
7.1   -2   -0.3796
7.11   -1.95   -0.3958
7.12   -1.9   -0.4114
7.13   -1.85   -0.4263
7.14   -1.8   -0.4405
7.15   -1.75   -0.4541
7.16   -1.7   -0.4671
7.17   -1.65   -0.4794
7.18   -1.6   -0.4911
7.19   -1.55   -0.5022
7.2   -1.5   -0.5127
7.21   -1.45   -0.5225
7.22   -1.4   -0.5318
7.23   -1.35   -0.5405
7.24   -1.3   -0.5486
7.25   -1.25   -0.5561
7.26   -1.2   -0.563
7.27   -1.15   -0.5694
7.28   -1.1   -0.5752
7.29   -1.05   -0.5805
7.3   -1   -0.5852
7.31   -0.95   -0.5893
7.32   -0.9   -0.5929
7.33   -0.85   -0.596
7.34   -0.8   -0.5985
7.35   -0.75   -0.6005
7.36   -0.7   -0.602
7.37   -0.65   -0.603
7.38   -0.6   -0.6035
7.39   -0.55   -0.6035
7.4   -0.5   -0.6029
7.41   -0.45   -0.6019
7.42   -0.4   -0.6004
7.43   -0.35   -0.5984
7.44   -0.3   -0.5959
7.45   -0.25   -0.5929
7.46   -0.2   -0.5895
7.47   -0.15   -0.5856
7.48   -0.1   -0.5812
7.49   -0.05   -0.5764
7.5   -5.773e-13   -0.5712
7.51   0.05   -0.5655
7.52   0.1   -0.5593
7.53   0.15   -0.5527
7.54   0.2   -0.5457
7.55   0.25   -0.5382
7.56   0.3   -0.5303
7.57   0.35   -0.522
7.58   0.4   -0.5133
7.59   0.45   -0.5042
7.6   0.5   -0.4946
7.61   0.55   -0.4847
7.62   0.6   -0.4743
7.63   0.65   -0.4636
7.64   0.7   -0.4525
7.65   0.75   -0.4409
7.66   0.8   -0.429
7.67   0.85   -0.4167
7.68   0.9   -0.4041
7.69   0.95   -0.391
7.7   1   -0.3776
7.71   1.05   -0.3638
7.72   1.1   -0.3497
7.73   1.15   -0.3352
7.74   1.2   -0.3204
7.75   1.25   -0.3052
7.76   1.3   -0.2896
7.77   1.35   -0.2737
7.78   1.4   -0.2575
7.79   1.45   -0.2409
7.8   1.5   -0.224
7.81   1.55   -0.2068
7.82   1.6   -0.1892
7.83   1.65   -0.1713
7.84   1.7   -0.1531
7.85   1.75   -0.1345
7.86   1.8   -0.1157
7.87   1.85   -0.09654
7.88   1.9   -0.07708
7.89   1.95   -0.05731
7.9   2   -0.03724
7.91   2.05   -0.01686
7.92   2.1   0.003806
7.93   2.15   0.02477
7.94   2.2   0.04602
7.95   2.25   0.06756
7.96   2.3   0.08938
7.97   2.35   0.1115
7.98   2.4   0.1339
7.99   2.45   0.1565
8   2.5   0.1795
8.01   2.45   0.2027
8.02   2.4   0.2251
8.03   2.35   0.2469
8.04   2.3   0.2679
8.05   2.25   0.2883
8.06   2.2   0.3079
8.07   2.15   0.3268
8.08   2.1   0.345
8.09   2.05   0.3626
8.1   2   0.3794
8.11   1.95   0.3957
8.12   1.9   0.4112
8.13   1.85   0.4261
8.14   1.8   0.4403
8.15   1.75   0.4539
8.16   1.7   0.4669
8.17   1.65   0.4792
8.18   1.6   0.4909
8.19   1.55   0.502
8.2   1.5   0.5125
8.21   1.45   0.5224
8.22   1.4   0.5316
8.23   1.35   0.5403
8.24   1.3   0.5484
8.25   1.25   0.5559
8.26   1.2   0.5629
8.27   1.15   0.5692
8.28   1.1   0.5751
8.29   1.05   0.5803
8.3   1   0.585
8.31   0.95   0.5892
8.32   0.9   0.5928
8.33   0.85   0.5958
8.34   0.8   0.5984
8.35   0.75   0.6004
8.36   0.7   0.6019
8.37   0.65   0.6029
8.38   0.6   0.6033
8.39   0.55   0.6033
8.4   0.5   0.6028
8.41   0.45   0.6017
8.42   0.4   0.6002
8.43   0.35   0.5982
8.44   0.3   0.5957
8.45   0.25   0.5928
8.46   0.2   0.5894
8.47   0.15   0.5855
8.48   0.1   0.5811
8.49   0.05   0.5763
8.5   6.839e-13   0.571
8.51   -0.05   0.5653
8.52   -0.1   0.5592
8.53   -0.15   0.5526
8.54   -0.2   0.5456
8.55   -0.25   0.5381
8.56   -0.3   0.5302
8.57   -0.35   0.5219
8.58   -0.4   0.5132
8.59   -0.45   0.5041
8.6   -0.5   0.4945
8.61   -0.55   0.4846
8.62   -0.6   0.4742
8.63   -0.65   0.4635
8.64   -0.7   0.4524
8.65   -0.75   0.4408
8.66   -0.8   0.4289
8.67   -0.85   0.4166
8.68   -0.9   0.404
8.69   -0.95   0.3909
8.7   -1   0.3775
8.71   -1.05   0.3637
8.72   -1.1   0.3496
8.73   -1.15   0.3351
8.74   -1.2   0.3203
8.75   -1.25   0.3051
8.76   -1.3   0.2895
8.77   -1.35   0.2736
8.78   -1.4   0.2574
8.79   -1.45   0.2408
8.8   -1.5   0.2239
8.81   -1.55   0.2067
8.82   -1.6   0.1891
8.83   -1.65   0.1712
8.84   -1.7   0.153
8.85   -1.75   0.1345
8.86   -1.8   0.1156
8.87   -1.85   0.09645
8.88   -1.9   0.07699
8.89   -1.95   0.05722
8.9   -2   0.03715
8.91   -2.05   0.01678
8.92   -2.1   -0.003891
8.93   -2.15   -0.02485
8.94   -2.2   -0.0461
8.95   -2.25   -0.06764
8.96   -2.3   -0.08947
8.97   -2.35   -0.1116
8.98   -2.4   -0.134
8.99   -2.45   -0.1566
9   -2.5   -0.1796
9.01   -2.45   -0.2028
9.02   -2.4   -0.2252
9.03   -2.35   -0.247
9.04   -2.3   -0.268
9.05   -2.25   -0.2883
9.06   -2.2   -0.3079
9.07   -2.15   -0.3269
9.08   -2.1   -0.3451
9.09   -2.05   -0.3626
9.1   -2   -0.3795
9.11   -1.95   -0.3957
9.12   -1.9   -0.4113
9.13   -1.85   -0.4262
9.14   -1.8   -0.4404
9.15   -1.75   -0.454
9.16   -1.7   -0.4669
9.17   -1.65   -0.4793
9.18   -1.6   -0.491
9.19   -1.55   -0.5021
9.2   -1.5   -0.5126
9.21   -1.45   -0.5224
9.22   -1.4   -0.5317
9.23   -1.35   -0.5404
9.24   -1.3   -0.5485
9.25   -1.25   -0.556
9.26   -1.2   -0.5629
9.27   -1.15   -0.5693
9.28   -1.1   -0.5751
9.29   -1.05   -0.5804
9.3   -1   -0.5851
9.31   -0.95   -0.5892
9.32   -0.9   -0.5928
9.33   -0.85   -0.5959
9.34   -0.8   -0.5984
9.35   -0.75   -0.6004
9.36   -0.7   -0.6019
9.37   -0.65   -0.6029
9.38   -0.6   -0.6034
9.39   -0.55   -0.6034
9.4   -0.5   -0.6028
9.41   -0.45   -0.6018
9.42   -0.4   -0.6003
9.43   -0.35   -0.5983
9.44   -0.3   -0.5958
9.45   -0.25   -0.5928
9.46   -0.2   -0.5894
9.47   -0.15   -0.5855
9.48   -0.1   -0.5812
9.49   -0.05   -0.5763
9.5   -7.905e-13   -0.5711
9.51   0.05   -0.5654
9.52   0.1   -0.5592
9.53   0.15   -0.5526
9.54   0.2   -0.5456
9.55   0.25   -0.5381
9.56   0.3   -0.5303
9.57   0.35   -0.522
9.58   0.4   -0.5132
9.59   0.45   -0.5041
9.6   0.5   -0.4946
9.61   0.55   -0.4846
9.62   0.6   -0.4743
9.63   0.65   -0.4635
9.64   0.7   -0.4524
9.65   0.75   -0.4409
9.66   0.8   -0.429
9.67   0.85   -0.4167
9.68   0.9   -0.404
9.69   0.95   -0.391
9.7   1   -0.3776
9.71   1.05   -0.3638
9.72   1.1   -0.3496
9.73   1.15   -0.3351
9.74   1.2   -0.3203
9.75   1.25   -0.3051
9.76   1.3   -0.2895
9.77   1.35   -0.2736
9.78   1.4   -0.2574
9.79   1.45   -0.2408
9.8   1.5   -0.2239
9.81   1.55   -0.2067
9.82   1.6   -0.1891
9.83   1.65   -0.1712
9.84   1.7   -0.153
9.85   1.75   -0.1345
9.86   1.8   -0.1156
9.87   1.85   -0.09649
9.88   1.9   -0.07702
9.89   1.95   -0.05725
9.9   2   -0.03718
9.91   2.05   -0.01681
9.92   2.1   0.00386
9.93   2.15   0.02482
9.94   2.2   0.04607
9.95   2.25   0.06761
9.96   2.3   0.08944
9.97   2.35   0.1115
9.98   2.4   0.1339
9.99   2.45   0.1566
10   2.5   0.1795
10.01   2.45   0.2027
