#Premier Ordre :
#1 - Exemple 1
#2 - Circuit A
#3 - Circuit B
#Deuxième Ordre :
#4 - Exemple 2
#5 - Circuit C
#6 - Circuit D
#Choisir la source ?
#1 - Echelon
#2 - Porte
#3 - Carre
#4 - Triangle
#5 - Rampe f(t)=-3*t (Exemple1)
#6 - Nulle (Exemple 2)
#Choix des valeurs pour le circuit suivant :
#_____/\/\/\____|\______________  
#|      Rd      |/       |     |
#|                 D     /    _|_
#E                     R \    --- C 
#|                       /     |
#|_______________________|_____|
#Valeur de Rd (Ohm) : 
#Valeur de R (Ohm) : 
#Valeur de C (Farad) : 
#Temps   Ve   Vs   Vd
#Diode passante
0.01   5   0.044   0.6
#Diode bloquee
0.02   5   0.04356   5.044
#Diode passante
0.03   5   0.08669   0.6871
0.04   5   0.129   0.7734
0.05   5   0.1704   0.8579
0.06   5   0.211   0.9408
0.07   5   0.2507   1.022
0.08   5   0.2897   1.101
0.09   5   0.3279   1.179
0.1   5   0.3654   1.256
0.11   5   0.4021   1.331
0.12   5   0.438   1.404
0.13   5   0.4733   1.476
0.14   5   0.5078   1.547
0.15   5   0.5416   1.616
0.16   5   0.5748   1.683
0.17   5   0.6073   1.75
0.18   5   0.6392   1.815
0.19   5   0.6704   1.878
0.2   0   0.701   -3.059
#Diode bloquee
0.21   0   0.694   0.701
#Diode passante
0.22   0   0.6741   1.988
0.23   0   0.6546   1.948
0.24   0   0.6355   1.909
0.25   0   0.6168   1.871
0.26   0   0.5985   1.834
0.27   0   0.5805   1.797
0.28   0   0.5629   1.761
0.29   0   0.5456   1.726
0.3   0   0.5287   1.691
0.31   0   0.5121   1.657
0.32   0   0.4959   1.624
0.33   0   0.48   1.592
0.34   0   0.4644   1.56
0.35   0   0.4491   1.529
0.36   0   0.4341   1.498
0.37   0   0.4194   1.468
0.38   0   0.405   1.439
0.39   0   0.3909   1.41
0.4   0   0.3771   1.382
0.41   0   0.3636   1.354
0.42   0   0.3503   1.327
0.43   0   0.3373   1.301
0.44   0   0.3246   1.275
0.45   0   0.3121   1.249
0.46   0   0.2998   1.224
0.47   0   0.2878   1.2
0.48   0   0.2761   1.176
0.49   0   0.2646   1.152
0.5   0   0.2533   1.129
0.51   0   0.2422   1.107
0.52   0   0.2314   1.084
0.53   0   0.2207   1.063
0.54   0   0.2103   1.041
0.55   0   0.2001   1.021
0.56   0   0.1901   1
0.57   0   0.1803   0.9802
0.58   0   0.1707   0.9606
0.59   0   0.1613   0.9414
0.6   0   0.1521   0.9226
0.61   0   0.143   0.9041
0.62   0   0.1342   0.886
0.63   0   0.1255   0.8683
0.64   0   0.117   0.8509
0.65   0   0.1086   0.8339
0.66   0   0.1004   0.8172
0.67   0   0.09244   0.8009
0.68   0   0.08459   0.7849
0.69   0   0.0769   0.7692
0.7   0   0.06936   0.7538
0.71   0   0.06197   0.7387
0.72   0   0.05474   0.7239
0.73   0   0.04764   0.7095
0.74   0   0.04069   0.6953
0.75   0   0.03387   0.6814
0.76   0   0.0272   0.6677
0.77   0   0.02065   0.6544
0.78   0   0.01424   0.6413
0.79   0   0.007955   0.6285
0.8   0   0.001796   0.6159
0.81   0   -0.00424   0.6036
0.82   0   -0.01016   0.5915
#Diode bloquee
0.83   0   -0.01005   -0.01016
0.84   0   -0.009953   -0.01005
0.85   0   -0.009854   -0.009953
0.86   0   -0.009755   -0.009854
0.87   0   -0.009658   -0.009755
0.88   0   -0.009561   -0.009658
0.89   0   -0.009466   -0.009561
0.9   0   -0.009371   -0.009466
0.91   0   -0.009277   -0.009371
0.92   0   -0.009184   -0.009277
0.93   0   -0.009093   -0.009184
0.94   0   -0.009002   -0.009093
0.95   0   -0.008912   -0.009002
0.96   0   -0.008823   -0.008912
0.97   0   -0.008734   -0.008823
0.98   0   -0.008647   -0.008734
0.99   0   -0.008561   -0.008647
1   5   -0.008475   4.991
#Diode passante
1.01   5   0.03569   0.5831
#Diode bloquee
1.02   5   0.03534   5.036
#Diode passante
1.03   5   0.07863   0.6707
1.04   5   0.1211   0.7573
1.05   5   0.1626   0.8421
1.06   5   0.2034   0.9253
1.07   5   0.2433   1.007
1.08   5   0.2825   1.087
1.09   5   0.3208   1.165
1.1   5   0.3584   1.242
1.11   5   0.3952   1.317
1.12   5   0.4313   1.39
1.13   5   0.4667   1.463
1.14   5   0.5014   1.533
1.15   5   0.5353   1.603
1.16   5   0.5686   1.671
1.17   5   0.6012   1.737
1.18   5   0.6332   1.802
1.19   5   0.6646   1.866
1.2   5   0.6953   1.929
1.21   5   0.7254   1.991
1.22   5   0.7549   2.051
1.23   5   0.7838   2.11
1.24   5   0.8121   2.168
1.25   5   0.8398   2.224
1.26   5   0.867   2.28
1.27   5   0.8937   2.334
1.28   5   0.9198   2.387
1.29   5   0.9454   2.44
1.3   5   0.9705   2.491
1.31   5   0.9951   2.541
1.32   5   1.019   2.59
1.33   5   1.043   2.638
1.34   5   1.066   2.686
1.35   5   1.089   2.732
1.36   5   1.111   2.777
1.37   5   1.133   2.822
1.38   5   1.154   2.865
1.39   5   1.175   2.908
1.4   5   1.195   2.95
1.41   5   1.216   2.991
1.42   5   1.235   3.031
1.43   5   1.255   3.07
1.44   5   1.273   3.109
1.45   5   1.292   3.147
1.46   5   1.31   3.184
1.47   5   1.328   3.22
1.48   5   1.345   3.256
1.49   5   1.362   3.291
1.5   5   1.379   3.325
1.51   5   1.396   3.358
1.52   5   1.412   3.391
1.53   5   1.427   3.423
1.54   5   1.443   3.455
1.55   5   1.458   3.486
1.56   5   1.473   3.516
1.57   5   1.487   3.546
1.58   5   1.502   3.575
1.59   5   1.516   3.603
1.6   5   1.529   3.631
1.61   5   1.543   3.659
1.62   5   1.556   3.686
1.63   5   1.569   3.712
1.64   5   1.581   3.738
1.65   5   1.594   3.763
1.66   5   1.606   3.788
1.67   5   1.618   3.812
1.68   5   1.629   3.836
1.69   5   1.641   3.859
1.7   5   1.652   3.882
1.71   5   1.663   3.904
1.72   5   1.674   3.926
1.73   5   1.684   3.947
1.74   5   1.695   3.968
1.75   5   1.705   3.989
1.76   5   1.715   4.009
1.77   5   1.724   4.029
1.78   5   1.734   4.049
1.79   5   1.743   4.068
1.8   5   1.752   4.086
1.81   5   1.761   4.105
1.82   5   1.77   4.122
1.83   5   1.779   4.14
1.84   5   1.787   4.157
1.85   5   1.795   4.174
1.86   5   1.803   4.191
1.87   5   1.811   4.207
1.88   5   1.819   4.223
1.89   5   1.827   4.238
1.9   5   1.834   4.253
1.91   5   1.841   4.268
1.92   5   1.849   4.283
1.93   5   1.856   4.297
1.94   5   1.863   4.311
1.95   5   1.869   4.325
1.96   5   1.876   4.339
1.97   5   1.882   4.352
1.98   5   1.889   4.365
1.99   5   1.895   4.378
2   5   1.901   4.39
2.01   5   1.907   4.402
2.02   5   1.913   4.414
2.03   5   1.919   4.426
2.04   5   1.924   4.437
2.05   5   1.93   4.449
2.06   5   1.935   4.46
2.07   5   1.941   4.47
2.08   5   1.946   4.481
2.09   5   1.951   4.491
2.1   5   1.956   4.502
2.11   5   1.961   4.512
2.12   5   1.965   4.521
2.13   5   1.97   4.531
2.14   5   1.975   4.54
2.15   5   1.979   4.549
2.16   5   1.984   4.558
2.17   5   1.988   4.567
2.18   5   1.992   4.576
2.19   5   1.996   4.584
2.2   5   2   4.593
2.21   0   2.004   -0.3991
#Diode bloquee
2.22   0   1.984   2.004
#Diode passante
2.23   0   1.939   4.569
2.24   0   1.894   4.477
2.25   0   1.85   4.388
2.26   0   1.807   4.3
2.27   0   1.765   4.214
2.28   0   1.724   4.13
2.29   0   1.683   4.047
2.3   0   1.643   3.966
2.31   0   1.605   3.887
2.32   0   1.567   3.809
2.33   0   1.529   3.733
2.34   0   1.493   3.658
2.35   0   1.457   3.585
2.36   0   1.422   3.513
2.37   0   1.387   3.443
2.38   0   1.353   3.374
2.39   0   1.32   3.307
2.4   0   1.288   3.241
2.41   0   1.256   3.176
2.42   0   1.225   3.112
2.43   0   1.195   3.05
2.44   0   1.165   2.989
2.45   0   1.135   2.929
2.46   0   1.107   2.871
2.47   0   1.079   2.813
2.48   0   1.051   2.757
2.49   0   1.024   2.702
2.5   0   0.9975   2.648
2.51   0   0.9715   2.595
2.52   0   0.9461   2.543
2.53   0   0.9212   2.492
2.54   0   0.8968   2.442
2.55   0   0.8728   2.394
2.56   0   0.8494   2.346
2.57   0   0.8264   2.299
2.58   0   0.8038   2.253
2.59   0   0.7818   2.208
2.6   0   0.7601   2.164
2.61   0   0.7389   2.12
2.62   0   0.7182   2.078
2.63   0   0.6978   2.036
2.64   0   0.6778   1.996
2.65   0   0.6583   1.956
2.66   0   0.6391   1.917
2.67   0   0.6203   1.878
2.68   0   0.6019   1.841
2.69   0   0.5839   1.804
2.7   0   0.5662   1.768
2.71   0   0.5489   1.732
2.72   0   0.5319   1.698
2.73   0   0.5153   1.664
2.74   0   0.499   1.631
2.75   0   0.483   1.598
2.76   0   0.4673   1.566
2.77   0   0.452   1.535
2.78   0   0.4369   1.504
2.79   0   0.4222   1.474
2.8   0   0.4078   1.444
2.81   0   0.3936   1.416
2.82   0   0.3797   1.387
2.83   0   0.3661   1.359
2.84   0   0.3528   1.332
2.85   0   0.3398   1.306
2.86   0   0.327   1.28
2.87   0   0.3144   1.254
2.88   0   0.3021   1.229
2.89   0   0.2901   1.204
2.9   0   0.2783   1.18
2.91   0   0.2667   1.157
2.92   0   0.2554   1.133
2.93   0   0.2443   1.111
2.94   0   0.2334   1.089
2.95   0   0.2227   1.067
2.96   0   0.2123   1.045
2.97   0   0.202   1.025
2.98   0   0.192   1.004
2.99   0   0.1821   0.984
3   0   0.1725   0.9643
3.01   5   0.1631   5.945
3.02   5   0.2038   0.9261
3.03   5   0.2437   1.008
3.04   5   0.2828   1.087
3.05   5   0.3212   1.166
3.06   5   0.3588   1.242
3.07   5   0.3956   1.318
3.08   5   0.4317   1.391
3.09   5   0.467   1.463
3.1   5   0.5017   1.534
3.11   5   0.5357   1.603
3.12   5   0.569   1.671
3.13   5   0.6016   1.738
3.14   5   0.6335   1.803
3.15   5   0.6649   1.867
3.16   5   0.6956   1.93
3.17   5   0.7257   1.991
3.18   5   0.7551   2.051
3.19   5   0.784   2.11
3.2   5   0.8124   2.168
3.21   5   0.8401   2.225
3.22   5   0.8673   2.28
3.23   5   0.894   2.335
3.24   5   0.9201   2.388
3.25   5   0.9457   2.44
3.26   5   0.9708   2.491
3.27   5   0.9954   2.542
3.28   5   1.019   2.591
3.29   5   1.043   2.639
3.3   5   1.066   2.686
3.31   5   1.089   2.732
3.32   5   1.111   2.778
3.33   5   1.133   2.822
3.34   5   1.154   2.866
3.35   5   1.175   2.908
3.36   5   1.196   2.95
3.37   5   1.216   2.991
3.38   5   1.235   3.031
3.39   5   1.255   3.071
3.4   5   1.274   3.109
3.41   5   1.292   3.147
3.42   5   1.31   3.184
3.43   5   1.328   3.221
3.44   5   1.346   3.256
3.45   5   1.363   3.291
3.46   5   1.379   3.325
3.47   5   1.396   3.359
3.48   5   1.412   3.392
3.49   5   1.428   3.424
3.5   5   1.443   3.455
3.51   5   1.458   3.486
3.52   5   1.473   3.516
3.53   5   1.488   3.546
3.54   5   1.502   3.575
3.55   5   1.516   3.604
3.56   5   1.529   3.632
3.57   5   1.543   3.659
3.58   5   1.556   3.686
3.59   5   1.569   3.712
3.6   5   1.582   3.738
3.61   5   1.594   3.763
3.62   5   1.606   3.788
3.63   5   1.618   3.812
3.64   5   1.63   3.836
3.65   5   1.641   3.859
3.66   5   1.652   3.882
3.67   5   1.663   3.904
3.68   5   1.674   3.926
3.69   5   1.684   3.948
3.7   5   1.695   3.969
3.71   5   1.705   3.989
3.72   5   1.715   4.01
3.73   5   1.724   4.029
3.74   5   1.734   4.049
3.75   5   1.743   4.068
3.76   5   1.752   4.086
3.77   5   1.761   4.105
3.78   5   1.77   4.123
3.79   5   1.779   4.14
3.8   5   1.787   4.157
3.81   5   1.795   4.174
3.82   5   1.803   4.191
3.83   5   1.811   4.207
3.84   5   1.819   4.223
3.85   5   1.827   4.238
3.86   5   1.834   4.254
3.87   5   1.842   4.268
3.88   5   1.849   4.283
3.89   5   1.856   4.297
3.9   5   1.863   4.311
3.91   5   1.869   4.325
3.92   5   1.876   4.339
3.93   5   1.882   4.352
3.94   5   1.889   4.365
3.95   5   1.895   4.378
3.96   5   1.901   4.39
3.97   5   1.907   4.402
3.98   5   1.913   4.414
3.99   5   1.919   4.426
4   5   1.924   4.437
4.01   5   1.93   4.449
4.02   5   1.935   4.46
4.03   5   1.941   4.471
4.04   5   1.946   4.481
4.05   5   1.951   4.491
4.06   5   1.956   4.502
4.07   5   1.961   4.512
4.08   5   1.965   4.521
4.09   5   1.97   4.531
4.1   5   1.975   4.54
4.11   5   1.979   4.55
4.12   5   1.984   4.559
4.13   5   1.988   4.567
4.14   5   1.992   4.576
4.15   5   1.996   4.585
4.16   5   2   4.593
4.17   5   2.004   4.601
4.18   5   2.008   4.609
4.19   5   2.012   4.617
4.2   5   2.016   4.624
4.21   0   2.02   -0.3681
#Diode bloquee
4.22   0   1.999   2.02
#Diode passante
4.23   0   1.953   4.599
4.24   0   1.908   4.507
4.25   0   1.864   4.417
4.26   0   1.821   4.328
4.27   0   1.779   4.242
4.28   0   1.737   4.157
4.29   0   1.696   4.074
4.3   0   1.656   3.992
4.31   0   1.617   3.913
4.32   0   1.579   3.834
4.33   0   1.541   3.758
4.34   0   1.504   3.682
4.35   0   1.468   3.609
4.36   0   1.433   3.537
4.37   0   1.398   3.466
4.38   0   1.364   3.397
4.39   0   1.331   3.329
4.4   0   1.298   3.262
4.41   0   1.266   3.197
4.42   0   1.235   3.133
4.43   0   1.204   3.07
4.44   0   1.174   3.009
4.45   0   1.145   2.949
4.46   0   1.116   2.89
4.47   0   1.088   2.832
4.48   0   1.06   2.775
4.49   0   1.033   2.72
4.5   0   1.006   2.665
4.51   0   0.9799   2.612
4.52   0   0.9543   2.56
4.53   0   0.9292   2.509
4.54   0   0.9046   2.458
4.55   0   0.8806   2.409
4.56   0   0.8569   2.361
4.57   0   0.8338   2.314
4.58   0   0.8111   2.268
4.59   0   0.7889   2.222
4.6   0   0.7671   2.178
4.61   0   0.7458   2.134
4.62   0   0.7249   2.092
4.63   0   0.7044   2.05
4.64   0   0.6843   2.009
4.65   0   0.6646   1.969
4.66   0   0.6453   1.929
4.67   0   0.6264   1.891
4.68   0   0.6079   1.853
4.69   0   0.5897   1.816
4.7   0   0.5719   1.779
4.71   0   0.5545   1.744
4.72   0   0.5374   1.709
4.73   0   0.5206   1.675
4.74   0   0.5042   1.641
4.75   0   0.4881   1.608
4.76   0   0.4724   1.576
4.77   0   0.4569   1.545
4.78   0   0.4418   1.514
4.79   0   0.427   1.484
4.8   0   0.4124   1.454
4.81   0   0.3982   1.425
4.82   0   0.3842   1.396
4.83   0   0.3705   1.368
4.84   0   0.3571   1.341
4.85   0   0.344   1.314
4.86   0   0.3311   1.288
4.87   0   0.3185   1.262
4.88   0   0.3061   1.237
4.89   0   0.294   1.212
4.9   0   0.2821   1.188
4.91   0   0.2705   1.164
4.92   0   0.259   1.141
4.93   0   0.2479   1.118
4.94   0   0.2369   1.096
4.95   0   0.2262   1.074
4.96   0   0.2156   1.052
4.97   0   0.2053   1.031
4.98   0   0.1952   1.011
4.99   0   0.1853   0.9905
5   0   0.1756   0.9707
5.01   5   0.1661   5.951
5.02   5   0.2068   0.9322
5.03   5   0.2466   1.014
5.04   5   0.2857   1.093
5.05   5   0.324   1.171
5.06   5   0.3615   1.248
5.07   5   0.3983   1.323
5.08   5   0.4343   1.397
5.09   5   0.4696   1.469
5.1   5   0.5042   1.539
5.11   5   0.5382   1.608
5.12   5   0.5714   1.676
5.13   5   0.604   1.743
5.14   5   0.6359   1.808
5.15   5   0.6672   1.872
5.16   5   0.6978   1.934
5.17   5   0.7279   1.996
5.18   5   0.7573   2.056
5.19   5   0.7862   2.115
5.2   5   0.8144   2.172
5.21   5   0.8422   2.229
5.22   5   0.8693   2.284
5.23   5   0.8959   2.339
5.24   5   0.922   2.392
5.25   5   0.9476   2.444
5.26   5   0.9726   2.495
5.27   5   0.9972   2.545
5.28   5   1.021   2.594
5.29   5   1.045   2.642
5.3   5   1.068   2.69
5.31   5   1.091   2.736
5.32   5   1.113   2.781
5.33   5   1.134   2.825
5.34   5   1.156   2.869
5.35   5   1.177   2.912
5.36   5   1.197   2.953
5.37   5   1.217   2.994
5.38   5   1.237   3.034
5.39   5   1.256   3.074
5.4   5   1.275   3.112
5.41   5   1.293   3.15
5.42   5   1.312   3.187
5.43   5   1.329   3.223
5.44   5   1.347   3.259
5.45   5   1.364   3.294
5.46   5   1.381   3.328
5.47   5   1.397   3.361
5.48   5   1.413   3.394
5.49   5   1.429   3.426
5.5   5   1.444   3.458
5.51   5   1.459   3.488
5.52   5   1.474   3.519
5.53   5   1.489   3.548
5.54   5   1.503   3.577
5.55   5   1.517   3.606
5.56   5   1.53   3.634
5.57   5   1.544   3.661
5.58   5   1.557   3.688
5.59   5   1.57   3.714
5.6   5   1.582   3.74
5.61   5   1.595   3.765
5.62   5   1.607   3.79
5.63   5   1.619   3.814
5.64   5   1.63   3.838
5.65   5   1.642   3.861
5.66   5   1.653   3.884
5.67   5   1.664   3.906
5.68   5   1.675   3.928
5.69   5   1.685   3.949
5.7   5   1.695   3.97
5.71   5   1.706   3.991
5.72   5   1.715   4.011
5.73   5   1.725   4.031
5.74   5   1.735   4.05
5.75   5   1.744   4.069
5.76   5   1.753   4.088
5.77   5   1.762   4.106
5.78   5   1.771   4.124
5.79   5   1.779   4.141
5.8   5   1.788   4.159
5.81   5   1.796   4.175
5.82   5   1.804   4.192
5.83   5   1.812   4.208
5.84   5   1.82   4.224
5.85   5   1.827   4.239
5.86   5   1.835   4.255
5.87   5   1.842   4.27
5.88   5   1.849   4.284
5.89   5   1.856   4.299
5.9   5   1.863   4.313
5.91   5   1.87   4.326
5.92   5   1.876   4.34
5.93   5   1.883   4.353
5.94   5   1.889   4.366
5.95   5   1.896   4.379
5.96   5   1.902   4.391
5.97   5   1.908   4.403
5.98   5   1.913   4.415
5.99   5   1.919   4.427
6   5   1.925   4.438
6.01   5   1.93   4.45
6.02   5   1.936   4.461
6.03   5   1.941   4.471
6.04   5   1.946   4.482
6.05   5   1.951   4.492
6.06   5   1.956   4.502
6.07   5   1.961   4.512
6.08   5   1.966   4.522
6.09   5   1.971   4.532
6.1   5   1.975   4.541
6.11   5   1.98   4.55
6.12   5   1.984   4.559
6.13   5   1.988   4.568
6.14   5   1.993   4.577
6.15   5   1.997   4.585
6.16   5   2.001   4.593
6.17   5   2.005   4.602
6.18   5   2.009   4.61
6.19   5   2.012   4.617
6.2   5   2.016   4.625
6.21   0   2.02   -0.3675
#Diode bloquee
6.22   0   2   2.02
#Diode passante
6.23   0   1.954   4.599
6.24   0   1.909   4.507
6.25   0   1.864   4.417
6.26   0   1.821   4.329
6.27   0   1.779   4.242
6.28   0   1.737   4.158
6.29   0   1.696   4.074
6.3   0   1.657   3.993
6.31   0   1.617   3.913
6.32   0   1.579   3.835
6.33   0   1.541   3.758
6.34   0   1.505   3.683
6.35   0   1.469   3.609
6.36   0   1.433   3.537
6.37   0   1.399   3.466
6.38   0   1.365   3.397
6.39   0   1.331   3.329
6.4   0   1.299   3.262
6.41   0   1.267   3.197
6.42   0   1.235   3.133
6.43   0   1.205   3.071
6.44   0   1.175   3.009
6.45   0   1.145   2.949
6.46   0   1.116   2.89
6.47   0   1.088   2.832
6.48   0   1.06   2.776
6.49   0   1.033   2.72
6.5   0   1.006   2.666
6.51   0   0.9801   2.612
6.52   0   0.9545   2.56
6.53   0   0.9294   2.509
6.54   0   0.9048   2.459
6.55   0   0.8807   2.41
6.56   0   0.8571   2.361
6.57   0   0.8339   2.314
6.58   0   0.8113   2.268
6.59   0   0.789   2.223
6.6   0   0.7673   2.178
6.61   0   0.7459   2.135
6.62   0   0.725   2.092
6.63   0   0.7045   2.05
6.64   0   0.6844   2.009
6.65   0   0.6647   1.969
6.66   0   0.6454   1.929
6.67   0   0.6265   1.891
6.68   0   0.608   1.853
6.69   0   0.5898   1.816
6.7   0   0.572   1.78
6.71   0   0.5546   1.744
6.72   0   0.5375   1.709
6.73   0   0.5207   1.675
6.74   0   0.5043   1.641
6.75   0   0.4882   1.609
6.76   0   0.4725   1.576
6.77   0   0.457   1.545
6.78   0   0.4419   1.514
6.79   0   0.427   1.484
6.8   0   0.4125   1.454
6.81   0   0.3983   1.425
6.82   0   0.3843   1.397
6.83   0   0.3706   1.369
6.84   0   0.3572   1.341
6.85   0   0.344   1.314
6.86   0   0.3312   1.288
6.87   0   0.3185   1.262
6.88   0   0.3062   1.237
6.89   0   0.294   1.212
6.9   0   0.2822   1.188
6.91   0   0.2705   1.164
6.92   0   0.2591   1.141
6.93   0   0.2479   1.118
6.94   0   0.237   1.096
6.95   0   0.2262   1.074
6.96   0   0.2157   1.052
6.97   0   0.2054   1.031
6.98   0   0.1953   1.011
6.99   0   0.1854   0.9906
7   0   0.1757   0.9708
7.01   5   0.1662   5.951
7.02   5   0.2068   0.9323
7.03   5   0.2467   1.014
7.04   5   0.2858   1.093
7.05   5   0.3241   1.172
7.06   5   0.3616   1.248
7.07   5   0.3983   1.323
7.08   5   0.4344   1.397
7.09   5   0.4697   1.469
7.1   5   0.5043   1.539
7.11   5   0.5382   1.609
7.12   5   0.5714   1.676
7.13   5   0.604   1.743
7.14   5   0.6359   1.808
7.15   5   0.6672   1.872
7.16   5   0.6979   1.934
7.17   5   0.7279   1.996
7.18   5   0.7574   2.056
7.19   5   0.7862   2.115
7.2   5   0.8145   2.172
7.21   5   0.8422   2.229
7.22   5   0.8693   2.284
7.23   5   0.896   2.339
7.24   5   0.922   2.392
7.25   5   0.9476   2.444
7.26   5   0.9726   2.495
7.27   5   0.9972   2.545
7.28   5   1.021   2.594
7.29   5   1.045   2.643
7.3   5   1.068   2.69
7.31   5   1.091   2.736
7.32   5   1.113   2.781
7.33   5   1.135   2.826
7.34   5   1.156   2.869
7.35   5   1.177   2.912
7.36   5   1.197   2.953
7.37   5   1.217   2.994
7.38   5   1.237   3.034
7.39   5   1.256   3.074
7.4   5   1.275   3.112
7.41   5   1.294   3.15
7.42   5   1.312   3.187
7.43   5   1.329   3.223
7.44   5   1.347   3.259
7.45   5   1.364   3.294
7.46   5   1.381   3.328
7.47   5   1.397   3.361
7.48   5   1.413   3.394
7.49   5   1.429   3.426
7.5   5   1.444   3.458
7.51   5   1.459   3.488
7.52   5   1.474   3.519
7.53   5   1.489   3.548
7.54   5   1.503   3.577
7.55   5   1.517   3.606
7.56   5   1.53   3.634
7.57   5   1.544   3.661
7.58   5   1.557   3.688
7.59   5   1.57   3.714
7.6   5   1.582   3.74
7.61   5   1.595   3.765
7.62   5   1.607   3.79
7.63   5   1.619   3.814
7.64   5   1.63   3.838
7.65   5   1.642   3.861
7.66   5   1.653   3.884
7.67   5   1.664   3.906
7.68   5   1.675   3.928
7.69   5   1.685   3.949
7.7   5   1.695   3.97
7.71   5   1.706   3.991
7.72   5   1.715   4.011
7.73   5   1.725   4.031
7.74   5   1.735   4.05
7.75   5   1.744   4.069
7.76   5   1.753   4.088
7.77   5   1.762   4.106
7.78   5   1.771   4.124
7.79   5   1.779   4.141
7.8   5   1.788   4.159
7.81   5   1.796   4.175
7.82   5   1.804   4.192
7.83   5   1.812   4.208
7.84   5   1.82   4.224
7.85   5   1.827   4.239
7.86   5   1.835   4.255
7.87   5   1.842   4.27
7.88   5   1.849   4.284
7.89   5   1.856   4.299
7.9   5   1.863   4.313
7.91   5   1.87   4.326
7.92   5   1.876   4.34
7.93   5   1.883   4.353
7.94   5   1.889   4.366
7.95   5   1.896   4.379
7.96   5   1.902   4.391
7.97   5   1.908   4.403
7.98   5   1.913   4.415
7.99   5   1.919   4.427
8   5   1.925   4.438
8.01   5   1.93   4.45
8.02   5   1.936   4.461
8.03   5   1.941   4.471
8.04   5   1.946   4.482
8.05   5   1.951   4.492
8.06   5   1.956   4.502
8.07   5   1.961   4.512
8.08   5   1.966   4.522
8.09   5   1.971   4.532
8.1   5   1.975   4.541
8.11   5   1.98   4.55
8.12   5   1.984   4.559
8.13   5   1.988   4.568
8.14   5   1.993   4.577
8.15   5   1.997   4.585
8.16   5   2.001   4.593
8.17   5   2.005   4.602
8.18   5   2.009   4.61
8.19   5   2.013   4.617
8.2   5   2.016   4.625
8.21   0   2.02   -0.3675
#Diode bloquee
8.22   0   2   2.02
#Diode passante
8.23   0   1.954   4.599
8.24   0   1.909   4.507
8.25   0   1.864   4.417
8.26   0   1.821   4.329
8.27   0   1.779   4.242
8.28   0   1.737   4.158
8.29   0   1.696   4.074
8.3   0   1.657   3.993
8.31   0   1.617   3.913
8.32   0   1.579   3.835
8.33   0   1.541   3.758
8.34   0   1.505   3.683
8.35   0   1.469   3.609
8.36   0   1.433   3.537
8.37   0   1.399   3.466
8.38   0   1.365   3.397
8.39   0   1.331   3.329
8.4   0   1.299   3.262
8.41   0   1.267   3.197
8.42   0   1.235   3.133
8.43   0   1.205   3.071
8.44   0   1.175   3.009
8.45   0   1.145   2.949
8.46   0   1.116   2.89
8.47   0   1.088   2.832
8.48   0   1.06   2.776
8.49   0   1.033   2.72
8.5   0   1.006   2.666
8.51   0   0.9801   2.612
8.52   0   0.9545   2.56
8.53   0   0.9294   2.509
8.54   0   0.9048   2.459
8.55   0   0.8807   2.41
8.56   0   0.8571   2.361
8.57   0   0.8339   2.314
8.58   0   0.8113   2.268
8.59   0   0.789   2.223
8.6   0   0.7673   2.178
8.61   0   0.7459   2.135
8.62   0   0.725   2.092
8.63   0   0.7045   2.05
8.64   0   0.6844   2.009
8.65   0   0.6647   1.969
8.66   0   0.6454   1.929
8.67   0   0.6265   1.891
8.68   0   0.608   1.853
8.69   0   0.5898   1.816
8.7   0   0.572   1.78
8.71   0   0.5546   1.744
8.72   0   0.5375   1.709
8.73   0   0.5207   1.675
8.74   0   0.5043   1.641
8.75   0   0.4882   1.609
8.76   0   0.4725   1.576
8.77   0   0.457   1.545
8.78   0   0.4419   1.514
8.79   0   0.427   1.484
8.8   0   0.4125   1.454
8.81   0   0.3983   1.425
8.82   0   0.3843   1.397
8.83   0   0.3706   1.369
8.84   0   0.3572   1.341
8.85   0   0.344   1.314
8.86   0   0.3312   1.288
8.87   0   0.3185   1.262
8.88   0   0.3062   1.237
8.89   0   0.2941   1.212
8.9   0   0.2822   1.188
8.91   0   0.2705   1.164
8.92   0   0.2591   1.141
8.93   0   0.2479   1.118
8.94   0   0.237   1.096
8.95   0   0.2262   1.074
8.96   0   0.2157   1.052
8.97   0   0.2054   1.031
8.98   0   0.1953   1.011
8.99   0   0.1854   0.9906
9   0   0.1757   0.9708
9.01   5   0.1662   5.951
9.02   5   0.2068   0.9323
9.03   5   0.2467   1.014
9.04   5   0.2858   1.093
9.05   5   0.3241   1.172
9.06   5   0.3616   1.248
9.07   5   0.3983   1.323
9.08   5   0.4344   1.397
9.09   5   0.4697   1.469
9.1   5   0.5043   1.539
9.11   5   0.5382   1.609
9.12   5   0.5714   1.676
9.13   5   0.604   1.743
9.14   5   0.6359   1.808
9.15   5   0.6672   1.872
9.16   5   0.6979   1.934
9.17   5   0.7279   1.996
9.18   5   0.7574   2.056
9.19   5   0.7862   2.115
9.2   5   0.8145   2.172
9.21   5   0.8422   2.229
9.22   5   0.8693   2.284
9.23   5   0.896   2.339
9.24   5   0.922   2.392
9.25   5   0.9476   2.444
9.26   5   0.9727   2.495
9.27   5   0.9972   2.545
9.28   5   1.021   2.594
9.29   5   1.045   2.643
9.3   5   1.068   2.69
9.31   5   1.091   2.736
9.32   5   1.113   2.781
9.33   5   1.135   2.826
9.34   5   1.156   2.869
9.35   5   1.177   2.912
9.36   5   1.197   2.953
9.37   5   1.217   2.994
9.38   5   1.237   3.034
9.39   5   1.256   3.074
9.4   5   1.275   3.112
9.41   5   1.294   3.15
9.42   5   1.312   3.187
9.43   5   1.329   3.223
9.44   5   1.347   3.259
9.45   5   1.364   3.294
9.46   5   1.381   3.328
9.47   5   1.397   3.361
9.48   5   1.413   3.394
9.49   5   1.429   3.426
9.5   5   1.444   3.458
9.51   5   1.459   3.488
9.52   5   1.474   3.519
9.53   5   1.489   3.548
9.54   5   1.503   3.577
9.55   5   1.517   3.606
9.56   5   1.531   3.634
9.57   5   1.544   3.661
9.58   5   1.557   3.688
9.59   5   1.57   3.714
9.6   5   1.582   3.74
9.61   5   1.595   3.765
9.62   5   1.607   3.79
9.63   5   1.619   3.814
9.64   5   1.63   3.838
9.65   5   1.642   3.861
9.66   5   1.653   3.884
9.67   5   1.664   3.906
9.68   5   1.675   3.928
9.69   5   1.685   3.949
9.7   5   1.695   3.97
9.71   5   1.706   3.991
9.72   5   1.715   4.011
9.73   5   1.725   4.031
9.74   5   1.735   4.05
9.75   5   1.744   4.069
9.76   5   1.753   4.088
9.77   5   1.762   4.106
9.78   5   1.771   4.124
9.79   5   1.779   4.141
9.8   5   1.788   4.159
9.81   5   1.796   4.175
9.82   5   1.804   4.192
9.83   5   1.812   4.208
9.84   5   1.82   4.224
9.85   5   1.827   4.239
9.86   5   1.835   4.255
9.87   5   1.842   4.27
9.88   5   1.849   4.284
9.89   5   1.856   4.299
9.9   5   1.863   4.313
9.91   5   1.87   4.326
9.92   5   1.876   4.34
9.93   5   1.883   4.353
9.94   5   1.889   4.366
9.95   5   1.896   4.379
9.96   5   1.902   4.391
9.97   5   1.908   4.403
9.98   5   1.913   4.415
9.99   5   1.919   4.427
10   5   1.925   4.438
10.01   5   1.93   4.45
