#Premier Ordre :
#1 - Exemple 1
#2 - Circuit A
#3 - Circuit B
#Deuxième Ordre :
#4 - Exemple 2
#5 - Circuit C
#6 - Circuit D
#Choisir la source ?
#1 - Echelon
#2 - Porte
#3 - Carre
#4 - Triangle
#5 - Rampe f(t)=-3*t (Exemple1)
#6 - Nulle (Exemple 2)
#Choix des valeurs pour le circuit suivant :
#_____/\/\/\____|\______________  
#|      Rd      |/       |     |
#|                 D     /    _|_
#E                     R \    --- C 
#|                       /     |
#|_______________________|_____|
#Valeur de Rd (Ohm) : 
#Valeur de R (Ohm) : 
#Valeur de C (Farad) : 
#Temps   Ve   Vs   Vd
#Diode passante
0.01   0   -0.006   0.6
0.02   0   -0.01188   0.588
#Diode bloquee
0.03   0   -0.01176   -0.01188
0.04   0   -0.01164   -0.01176
0.05   0   -0.01153   -0.01164
0.06   0   -0.01141   -0.01153
0.07   0   -0.0113   -0.01141
0.08   0   -0.01118   -0.0113
0.09   0   -0.01107   -0.01118
0.1   0   -0.01096   -0.01107
0.11   0   -0.01085   -0.01096
0.12   0   -0.01074   -0.01085
0.13   0   -0.01064   -0.01074
0.14   0   -0.01053   -0.01064
0.15   0   -0.01042   -0.01053
0.16   0   -0.01032   -0.01042
0.17   0   -0.01022   -0.01032
0.18   0   -0.01012   -0.01022
0.19   0   -0.01001   -0.01012
0.2   0   -0.009914   -0.01001
0.21   0   -0.009815   -0.009914
0.22   0   -0.009717   -0.009815
0.23   0   -0.00962   -0.009717
0.24   0   -0.009523   -0.00962
0.25   0   -0.009428   -0.009523
0.26   0   -0.009334   -0.009428
0.27   0   -0.009241   -0.009334
0.28   0   -0.009148   -0.009241
0.29   0   -0.009057   -0.009148
0.3   0   -0.008966   -0.009057
0.31   0   -0.008876   -0.008966
0.32   0   -0.008788   -0.008876
0.33   0   -0.0087   -0.008788
0.34   0   -0.008613   -0.0087
0.35   0   -0.008527   -0.008613
0.36   0   -0.008441   -0.008527
0.37   0   -0.008357   -0.008441
0.38   0   -0.008273   -0.008357
0.39   0   -0.008191   -0.008273
0.4   0   -0.008109   -0.008191
0.41   0   -0.008028   -0.008109
0.42   0   -0.007947   -0.008028
0.43   0   -0.007868   -0.007947
0.44   0   -0.007789   -0.007868
0.45   0   -0.007711   -0.007789
0.46   0   -0.007634   -0.007711
0.47   0   -0.007558   -0.007634
0.48   0   -0.007482   -0.007558
0.49   0   -0.007407   -0.007482
0.5   0   -0.007333   -0.007407
0.51   0   -0.00726   -0.007333
0.52   0   -0.007187   -0.00726
0.53   0   -0.007116   -0.007187
0.54   0   -0.007044   -0.007116
0.55   0   -0.006974   -0.007044
0.56   0   -0.006904   -0.006974
0.57   0   -0.006835   -0.006904
0.58   0   -0.006767   -0.006835
0.59   0   -0.006699   -0.006767
0.6   0   -0.006632   -0.006699
0.61   0   -0.006566   -0.006632
0.62   0   -0.0065   -0.006566
0.63   0   -0.006435   -0.0065
0.64   0   -0.006371   -0.006435
0.65   0   -0.006307   -0.006371
0.66   0   -0.006244   -0.006307
0.67   0   -0.006182   -0.006244
0.68   0   -0.00612   -0.006182
0.69   0   -0.006059   -0.00612
0.7   0   -0.005998   -0.006059
0.71   0   -0.005938   -0.005998
0.72   0   -0.005879   -0.005938
0.73   0   -0.00582   -0.005879
0.74   0   -0.005762   -0.00582
0.75   0   -0.005704   -0.005762
0.76   0   -0.005647   -0.005704
0.77   0   -0.005591   -0.005647
0.78   0   -0.005535   -0.005591
0.79   0   -0.005479   -0.005535
0.8   0   -0.005425   -0.005479
0.81   0   -0.00537   -0.005425
0.82   0   -0.005317   -0.00537
0.83   0   -0.005263   -0.005317
0.84   0   -0.005211   -0.005263
0.85   0   -0.005159   -0.005211
0.86   0   -0.005107   -0.005159
0.87   0   -0.005056   -0.005107
0.88   0   -0.005005   -0.005056
0.89   0   -0.004955   -0.005005
0.9   0   -0.004906   -0.004955
0.91   0   -0.004857   -0.004906
0.92   0   -0.004808   -0.004857
0.93   0   -0.00476   -0.004808
0.94   0   -0.004713   -0.00476
0.95   0   -0.004665   -0.004713
0.96   0   -0.004619   -0.004665
0.97   0   -0.004573   -0.004619
0.98   0   -0.004527   -0.004573
0.99   0   -0.004482   -0.004527
1   5   -0.004437   4.996
#Diode passante
1.01   5   0.03965   0.5911
#Diode bloquee
1.02   5   0.03926   5.04
#Diode passante
1.03   5   0.08247   0.6785
1.04   5   0.1248   0.7649
1.05   5   0.1663   0.8496
1.06   5   0.207   0.9326
1.07   5   0.2469   1.014
1.08   5   0.2859   1.094
1.09   5   0.3242   1.172
1.1   5   0.3617   1.248
1.11   5   0.3985   1.323
1.12   5   0.4345   1.397
1.13   5   0.4698   1.469
1.14   5   0.5044   1.54
1.15   5   0.5383   1.609
1.16   5   0.5716   1.677
1.17   5   0.6041   1.743
1.18   5   0.6361   1.808
1.19   5   0.6673   1.872
1.2   5   0.698   1.935
1.21   5   0.728   1.996
1.22   5   0.7575   2.056
1.23   5   0.7863   2.115
1.24   5   0.8146   2.173
1.25   5   0.8423   2.229
1.26   5   0.8695   2.285
1.27   5   0.8961   2.339
1.28   5   0.9221   2.392
1.29   5   0.9477   2.444
1.3   5   0.9727   2.495
1.31   5   0.9973   2.545
1.32   5   1.021   2.595
1.33   5   1.045   2.643
1.34   5   1.068   2.69
1.35   5   1.091   2.736
1.36   5   1.113   2.781
1.37   5   1.135   2.826
1.38   5   1.156   2.869
1.39   5   1.177   2.912
1.4   5   1.197   2.954
1.41   5   1.217   2.994
1.42   5   1.237   3.035
1.43   5   1.256   3.074
1.44   5   1.275   3.112
1.45   5   1.294   3.15
1.46   5   1.312   3.187
1.47   5   1.329   3.223
1.48   5   1.347   3.259
1.49   5   1.364   3.294
1.5   5   1.381   3.328
1.51   5   1.397   3.361
1.52   5   1.413   3.394
1.53   5   1.429   3.426
1.54   5   1.444   3.458
1.55   5   1.459   3.489
1.56   5   1.474   3.519
1.57   5   1.489   3.548
1.58   5   1.503   3.577
1.59   5   1.517   3.606
1.6   5   1.531   3.634
1.61   5   1.544   3.661
1.62   5   1.557   3.688
1.63   5   1.57   3.714
1.64   5   1.583   3.74
1.65   5   1.595   3.765
1.66   5   1.607   3.79
1.67   5   1.619   3.814
1.68   5   1.63   3.838
1.69   5   1.642   3.861
1.7   5   1.653   3.884
1.71   5   1.664   3.906
1.72   5   1.675   3.928
1.73   5   1.685   3.949
1.74   5   1.695   3.97
1.75   5   1.706   3.991
1.76   5   1.715   4.011
1.77   5   1.725   4.031
1.78   5   1.735   4.05
1.79   5   1.744   4.069
1.8   5   1.753   4.088
1.81   5   1.762   4.106
1.82   5   1.771   4.124
1.83   5   1.779   4.142
1.84   5   1.788   4.159
1.85   5   1.796   4.176
1.86   5   1.804   4.192
1.87   5   1.812   4.208
1.88   5   1.82   4.224
1.89   5   1.827   4.24
1.9   5   1.835   4.255
1.91   5   1.842   4.27
1.92   5   1.849   4.284
1.93   5   1.856   4.299
1.94   5   1.863   4.313
1.95   5   1.87   4.326
1.96   5   1.877   4.34
1.97   5   1.883   4.353
1.98   5   1.889   4.366
1.99   5   1.896   4.379
2   5   1.902   4.391
2.01   5   1.908   4.403
2.02   5   1.913   4.415
2.03   5   1.919   4.427
2.04   5   1.925   4.438
2.05   5   1.93   4.45
2.06   5   1.936   4.461
2.07   5   1.941   4.471
2.08   5   1.946   4.482
2.09   5   1.951   4.492
2.1   5   1.956   4.502
2.11   5   1.961   4.512
2.12   5   1.966   4.522
2.13   5   1.971   4.532
2.14   5   1.975   4.541
2.15   5   1.98   4.55
2.16   5   1.984   4.559
2.17   5   1.988   4.568
2.18   5   1.993   4.577
2.19   5   1.997   4.585
2.2   5   2.001   4.593
2.21   5   2.005   4.602
2.22   5   2.009   4.61
2.23   5   2.013   4.617
2.24   5   2.016   4.625
2.25   5   2.02   4.633
2.26   5   2.024   4.64
2.27   5   2.027   4.647
2.28   5   2.031   4.654
2.29   5   2.034   4.661
2.3   5   2.037   4.668
2.31   5   2.04   4.674
2.32   5   2.044   4.681
2.33   5   2.047   4.687
2.34   5   2.05   4.694
2.35   5   2.053   4.7
2.36   5   2.056   4.706
2.37   5   2.059   4.712
2.38   5   2.062   4.717
2.39   5   2.064   4.723
2.4   5   2.067   4.729
2.41   5   2.07   4.734
2.42   5   2.072   4.739
2.43   5   2.075   4.745
2.44   5   2.077   4.75
2.45   5   2.08   4.755
2.46   5   2.082   4.76
2.47   5   2.085   4.764
2.48   5   2.087   4.769
2.49   5   2.089   4.774
2.5   5   2.091   4.778
2.51   5   2.094   4.783
2.52   5   2.096   4.787
2.53   5   2.098   4.791
2.54   5   2.1   4.795
2.55   5   2.102   4.8
2.56   5   2.104   4.804
2.57   5   2.106   4.807
2.58   5   2.108   4.811
2.59   5   2.109   4.815
2.6   5   2.111   4.819
2.61   5   2.113   4.822
2.62   5   2.115   4.826
2.63   5   2.116   4.829
2.64   5   2.118   4.833
2.65   5   2.12   4.836
2.66   5   2.121   4.839
2.67   5   2.123   4.843
2.68   5   2.124   4.846
2.69   5   2.126   4.849
2.7   5   2.127   4.852
2.71   5   2.129   4.855
2.72   5   2.13   4.858
2.73   5   2.132   4.861
2.74   5   2.133   4.863
2.75   5   2.134   4.866
2.76   5   2.136   4.869
2.77   5   2.137   4.871
2.78   5   2.138   4.874
2.79   5   2.14   4.877
2.8   5   2.141   4.879
2.81   5   2.142   4.881
2.82   5   2.143   4.884
2.83   5   2.144   4.886
2.84   5   2.145   4.888
2.85   5   2.146   4.891
2.86   5   2.147   4.893
2.87   5   2.149   4.895
2.88   5   2.15   4.897
2.89   5   2.151   4.899
2.9   5   2.152   4.901
2.91   5   2.153   4.903
2.92   5   2.153   4.905
2.93   5   2.154   4.907
2.94   5   2.155   4.909
2.95   5   2.156   4.911
2.96   5   2.157   4.912
2.97   5   2.158   4.914
2.98   5   2.159   4.916
2.99   5   2.16   4.918
3   5   2.16   4.919
3.01   5   2.161   4.921
3.02   5   2.162   4.922
3.03   5   2.163   4.924
3.04   5   2.164   4.926
3.05   5   2.164   4.927
3.06   5   2.165   4.928
3.07   5   2.166   4.93
3.08   5   2.166   4.931
3.09   5   2.167   4.933
3.1   5   2.168   4.934
3.11   5   2.168   4.935
3.12   5   2.169   4.937
3.13   5   2.17   4.938
3.14   5   2.17   4.939
3.15   5   2.171   4.94
3.16   5   2.171   4.942
3.17   5   2.172   4.943
3.18   5   2.172   4.944
3.19   5   2.173   4.945
3.2   5   2.174   4.946
3.21   5   2.174   4.947
3.22   5   2.175   4.948
3.23   5   2.175   4.949
3.24   5   2.176   4.95
3.25   5   2.176   4.951
3.26   5   2.177   4.952
3.27   5   2.177   4.953
3.28   5   2.178   4.954
3.29   5   2.178   4.955
3.3   5   2.178   4.956
3.31   5   2.179   4.957
3.32   5   2.179   4.958
3.33   5   2.18   4.959
3.34   5   2.18   4.959
3.35   5   2.18   4.96
3.36   5   2.181   4.961
3.37   5   2.181   4.962
3.38   5   2.182   4.963
3.39   5   2.182   4.963
3.4   5   2.182   4.964
3.41   5   2.183   4.965
3.42   5   2.183   4.965
3.43   5   2.183   4.966
3.44   5   2.184   4.967
3.45   5   2.184   4.967
3.46   5   2.184   4.968
3.47   5   2.185   4.969
3.48   5   2.185   4.969
3.49   5   2.185   4.97
3.5   5   2.186   4.971
3.51   5   2.186   4.971
3.52   5   2.186   4.972
3.53   5   2.186   4.972
3.54   5   2.187   4.973
3.55   5   2.187   4.973
3.56   5   2.187   4.974
3.57   5   2.187   4.974
3.58   5   2.188   4.975
3.59   5   2.188   4.975
3.6   5   2.188   4.976
3.61   5   2.188   4.976
3.62   5   2.189   4.977
3.63   5   2.189   4.977
3.64   5   2.189   4.978
3.65   5   2.189   4.978
3.66   5   2.19   4.979
3.67   5   2.19   4.979
3.68   5   2.19   4.98
3.69   5   2.19   4.98
3.7   5   2.19   4.98
3.71   5   2.191   4.981
3.72   5   2.191   4.981
3.73   5   2.191   4.982
3.74   5   2.191   4.982
3.75   5   2.191   4.982
3.76   5   2.191   4.983
3.77   5   2.192   4.983
3.78   5   2.192   4.983
3.79   5   2.192   4.984
3.8   5   2.192   4.984
3.81   5   2.192   4.984
3.82   5   2.192   4.985
3.83   5   2.193   4.985
3.84   5   2.193   4.985
3.85   5   2.193   4.985
3.86   5   2.193   4.986
3.87   5   2.193   4.986
3.88   5   2.193   4.986
3.89   5   2.193   4.987
3.9   5   2.194   4.987
3.91   5   2.194   4.987
3.92   5   2.194   4.987
3.93   5   2.194   4.988
3.94   5   2.194   4.988
3.95   5   2.194   4.988
3.96   5   2.194   4.988
3.97   5   2.194   4.989
3.98   5   2.195   4.989
3.99   5   2.195   4.989
4   5   2.195   4.989
4.01   5   2.195   4.99
4.02   5   2.195   4.99
4.03   5   2.195   4.99
4.04   5   2.195   4.99
4.05   5   2.195   4.99
4.06   5   2.195   4.991
4.07   5   2.195   4.991
4.08   5   2.196   4.991
4.09   5   2.196   4.991
4.1   5   2.196   4.991
4.11   5   2.196   4.991
4.12   5   2.196   4.992
4.13   5   2.196   4.992
4.14   5   2.196   4.992
4.15   5   2.196   4.992
4.16   5   2.196   4.992
4.17   5   2.196   4.992
4.18   5   2.196   4.993
4.19   5   2.196   4.993
4.2   5   2.196   4.993
4.21   5   2.197   4.993
4.22   5   2.197   4.993
4.23   5   2.197   4.993
4.24   5   2.197   4.993
4.25   5   2.197   4.994
4.26   5   2.197   4.994
4.27   5   2.197   4.994
4.28   5   2.197   4.994
4.29   5   2.197   4.994
4.3   5   2.197   4.994
4.31   5   2.197   4.994
4.32   5   2.197   4.994
4.33   5   2.197   4.995
4.34   5   2.197   4.995
4.35   5   2.197   4.995
4.36   5   2.197   4.995
4.37   5   2.198   4.995
4.38   5   2.198   4.995
4.39   5   2.198   4.995
4.4   5   2.198   4.995
4.41   5   2.198   4.995
4.42   5   2.198   4.995
4.43   5   2.198   4.996
4.44   5   2.198   4.996
4.45   5   2.198   4.996
4.46   5   2.198   4.996
4.47   5   2.198   4.996
4.48   5   2.198   4.996
4.49   5   2.198   4.996
4.5   5   2.198   4.996
4.51   5   2.198   4.996
4.52   5   2.198   4.996
4.53   5   2.198   4.996
4.54   5   2.198   4.996
4.55   5   2.198   4.996
4.56   5   2.198   4.997
4.57   5   2.198   4.997
4.58   5   2.198   4.997
4.59   5   2.198   4.997
4.6   5   2.198   4.997
4.61   5   2.198   4.997
4.62   5   2.199   4.997
4.63   5   2.199   4.997
4.64   5   2.199   4.997
4.65   5   2.199   4.997
4.66   5   2.199   4.997
4.67   5   2.199   4.997
4.68   5   2.199   4.997
4.69   5   2.199   4.997
4.7   5   2.199   4.997
4.71   5   2.199   4.997
4.72   5   2.199   4.997
4.73   5   2.199   4.998
4.74   5   2.199   4.998
4.75   5   2.199   4.998
4.76   5   2.199   4.998
4.77   5   2.199   4.998
4.78   5   2.199   4.998
4.79   5   2.199   4.998
4.8   5   2.199   4.998
4.81   5   2.199   4.998
4.82   5   2.199   4.998
4.83   5   2.199   4.998
4.84   5   2.199   4.998
4.85   5   2.199   4.998
4.86   5   2.199   4.998
4.87   5   2.199   4.998
4.88   5   2.199   4.998
4.89   5   2.199   4.998
4.9   5   2.199   4.998
4.91   5   2.199   4.998
4.92   5   2.199   4.998
4.93   5   2.199   4.998
4.94   5   2.199   4.998
4.95   5   2.199   4.998
4.96   5   2.199   4.998
4.97   5   2.199   4.998
4.98   5   2.199   4.999
4.99   5   2.199   4.999
5   5   2.199   4.999
5.01   5   2.199   4.999
5.02   5   2.199   4.999
5.03   5   2.199   4.999
5.04   5   2.199   4.999
5.05   5   2.199   4.999
5.06   5   2.199   4.999
5.07   5   2.199   4.999
5.08   5   2.199   4.999
5.09   5   2.199   4.999
5.1   5   2.199   4.999
5.11   5   2.199   4.999
5.12   5   2.199   4.999
5.13   5   2.199   4.999
5.14   5   2.199   4.999
5.15   5   2.199   4.999
5.16   5   2.199   4.999
5.17   5   2.2   4.999
5.18   5   2.2   4.999
5.19   5   2.2   4.999
5.2   5   2.2   4.999
5.21   5   2.2   4.999
5.22   5   2.2   4.999
5.23   5   2.2   4.999
5.24   5   2.2   4.999
5.25   5   2.2   4.999
5.26   5   2.2   4.999
5.27   5   2.2   4.999
5.28   5   2.2   4.999
5.29   5   2.2   4.999
5.3   5   2.2   4.999
5.31   5   2.2   4.999
5.32   5   2.2   4.999
5.33   5   2.2   4.999
5.34   5   2.2   4.999
5.35   5   2.2   4.999
5.36   5   2.2   4.999
5.37   5   2.2   4.999
5.38   5   2.2   4.999
5.39   5   2.2   4.999
5.4   5   2.2   4.999
5.41   5   2.2   4.999
5.42   5   2.2   4.999
5.43   5   2.2   4.999
5.44   5   2.2   4.999
5.45   5   2.2   4.999
5.46   5   2.2   4.999
5.47   5   2.2   4.999
5.48   5   2.2   4.999
5.49   5   2.2   4.999
5.5   5   2.2   4.999
5.51   5   2.2   4.999
5.52   5   2.2   5
5.53   5   2.2   5
5.54   5   2.2   5
5.55   5   2.2   5
5.56   5   2.2   5
5.57   5   2.2   5
5.58   5   2.2   5
5.59   5   2.2   5
5.6   5   2.2   5
5.61   5   2.2   5
5.62   5   2.2   5
5.63   5   2.2   5
5.64   5   2.2   5
5.65   5   2.2   5
5.66   5   2.2   5
5.67   5   2.2   5
5.68   5   2.2   5
5.69   5   2.2   5
5.7   5   2.2   5
5.71   5   2.2   5
5.72   5   2.2   5
5.73   5   2.2   5
5.74   5   2.2   5
5.75   5   2.2   5
5.76   5   2.2   5
5.77   5   2.2   5
5.78   5   2.2   5
5.79   5   2.2   5
5.8   5   2.2   5
5.81   5   2.2   5
5.82   5   2.2   5
5.83   5   2.2   5
5.84   5   2.2   5
5.85   5   2.2   5
5.86   5   2.2   5
5.87   5   2.2   5
5.88   5   2.2   5
5.89   5   2.2   5
5.9   5   2.2   5
5.91   5   2.2   5
5.92   5   2.2   5
5.93   5   2.2   5
5.94   5   2.2   5
5.95   5   2.2   5
5.96   5   2.2   5
5.97   5   2.2   5
5.98   5   2.2   5
5.99   5   2.2   5
6   5   2.2   5
6.01   5   2.2   5
6.02   5   2.2   5
6.03   5   2.2   5
6.04   5   2.2   5
6.05   5   2.2   5
6.06   5   2.2   5
6.07   5   2.2   5
6.08   5   2.2   5
6.09   5   2.2   5
6.1   5   2.2   5
6.11   5   2.2   5
6.12   5   2.2   5
6.13   5   2.2   5
6.14   5   2.2   5
6.15   5   2.2   5
6.16   5   2.2   5
6.17   5   2.2   5
6.18   5   2.2   5
6.19   5   2.2   5
6.2   5   2.2   5
6.21   5   2.2   5
6.22   5   2.2   5
6.23   5   2.2   5
6.24   5   2.2   5
6.25   5   2.2   5
6.26   5   2.2   5
6.27   5   2.2   5
6.28   5   2.2   5
6.29   5   2.2   5
6.3   5   2.2   5
6.31   5   2.2   5
6.32   5   2.2   5
6.33   5   2.2   5
6.34   5   2.2   5
6.35   5   2.2   5
6.36   5   2.2   5
6.37   5   2.2   5
6.38   5   2.2   5
6.39   5   2.2   5
6.4   5   2.2   5
6.41   5   2.2   5
6.42   5   2.2   5
6.43   5   2.2   5
6.44   5   2.2   5
6.45   5   2.2   5
6.46   5   2.2   5
6.47   5   2.2   5
6.48   5   2.2   5
6.49   5   2.2   5
6.5   5   2.2   5
6.51   5   2.2   5
6.52   5   2.2   5
6.53   5   2.2   5
6.54   5   2.2   5
6.55   5   2.2   5
6.56   5   2.2   5
6.57   5   2.2   5
6.58   5   2.2   5
6.59   5   2.2   5
6.6   5   2.2   5
6.61   5   2.2   5
6.62   5   2.2   5
6.63   5   2.2   5
6.64   5   2.2   5
6.65   5   2.2   5
6.66   5   2.2   5
6.67   5   2.2   5
6.68   5   2.2   5
6.69   5   2.2   5
6.7   5   2.2   5
6.71   5   2.2   5
6.72   5   2.2   5
6.73   5   2.2   5
6.74   5   2.2   5
6.75   5   2.2   5
6.76   5   2.2   5
6.77   5   2.2   5
6.78   5   2.2   5
6.79   5   2.2   5
6.8   5   2.2   5
6.81   5   2.2   5
6.82   5   2.2   5
6.83   5   2.2   5
6.84   5   2.2   5
6.85   5   2.2   5
6.86   5   2.2   5
6.87   5   2.2   5
6.88   5   2.2   5
6.89   5   2.2   5
6.9   5   2.2   5
6.91   5   2.2   5
6.92   5   2.2   5
6.93   5   2.2   5
6.94   5   2.2   5
6.95   5   2.2   5
6.96   5   2.2   5
6.97   5   2.2   5
6.98   5   2.2   5
6.99   5   2.2   5
7   5   2.2   5
7.01   5   2.2   5
7.02   5   2.2   5
7.03   5   2.2   5
7.04   5   2.2   5
7.05   5   2.2   5
7.06   5   2.2   5
7.07   5   2.2   5
7.08   5   2.2   5
7.09   5   2.2   5
7.1   5   2.2   5
7.11   5   2.2   5
7.12   5   2.2   5
7.13   5   2.2   5
7.14   5   2.2   5
7.15   5   2.2   5
7.16   5   2.2   5
7.17   5   2.2   5
7.18   5   2.2   5
7.19   5   2.2   5
7.2   5   2.2   5
7.21   5   2.2   5
7.22   5   2.2   5
7.23   5   2.2   5
7.24   5   2.2   5
7.25   5   2.2   5
7.26   5   2.2   5
7.27   5   2.2   5
7.28   5   2.2   5
7.29   5   2.2   5
7.3   5   2.2   5
7.31   5   2.2   5
7.32   5   2.2   5
7.33   5   2.2   5
7.34   5   2.2   5
7.35   5   2.2   5
7.36   5   2.2   5
7.37   5   2.2   5
7.38   5   2.2   5
7.39   5   2.2   5
7.4   5   2.2   5
7.41   5   2.2   5
7.42   5   2.2   5
7.43   5   2.2   5
7.44   5   2.2   5
7.45   5   2.2   5
7.46   5   2.2   5
7.47   5   2.2   5
7.48   5   2.2   5
7.49   5   2.2   5
7.5   5   2.2   5
7.51   5   2.2   5
7.52   5   2.2   5
7.53   5   2.2   5
7.54   5   2.2   5
7.55   5   2.2   5
7.56   5   2.2   5
7.57   5   2.2   5
7.58   5   2.2   5
7.59   5   2.2   5
7.6   5   2.2   5
7.61   5   2.2   5
7.62   5   2.2   5
7.63   5   2.2   5
7.64   5   2.2   5
7.65   5   2.2   5
7.66   5   2.2   5
7.67   5   2.2   5
7.68   5   2.2   5
7.69   5   2.2   5
7.7   5   2.2   5
7.71   5   2.2   5
7.72   5   2.2   5
7.73   5   2.2   5
7.74   5   2.2   5
7.75   5   2.2   5
7.76   5   2.2   5
7.77   5   2.2   5
7.78   5   2.2   5
7.79   5   2.2   5
7.8   5   2.2   5
7.81   5   2.2   5
7.82   5   2.2   5
7.83   5   2.2   5
7.84   5   2.2   5
7.85   5   2.2   5
7.86   5   2.2   5
7.87   5   2.2   5
7.88   5   2.2   5
7.89   5   2.2   5
7.9   5   2.2   5
7.91   5   2.2   5
7.92   5   2.2   5
7.93   5   2.2   5
7.94   5   2.2   5
7.95   5   2.2   5
7.96   5   2.2   5
7.97   5   2.2   5
7.98   5   2.2   5
7.99   5   2.2   5
8   5   2.2   5
8.01   5   2.2   5
8.02   5   2.2   5
8.03   5   2.2   5
8.04   5   2.2   5
8.05   5   2.2   5
8.06   5   2.2   5
8.07   5   2.2   5
8.08   5   2.2   5
8.09   5   2.2   5
8.1   5   2.2   5
8.11   5   2.2   5
8.12   5   2.2   5
8.13   5   2.2   5
8.14   5   2.2   5
8.15   5   2.2   5
8.16   5   2.2   5
8.17   5   2.2   5
8.18   5   2.2   5
8.19   5   2.2   5
8.2   5   2.2   5
8.21   5   2.2   5
8.22   5   2.2   5
8.23   5   2.2   5
8.24   5   2.2   5
8.25   5   2.2   5
8.26   5   2.2   5
8.27   5   2.2   5
8.28   5   2.2   5
8.29   5   2.2   5
8.3   5   2.2   5
8.31   5   2.2   5
8.32   5   2.2   5
8.33   5   2.2   5
8.34   5   2.2   5
8.35   5   2.2   5
8.36   5   2.2   5
8.37   5   2.2   5
8.38   5   2.2   5
8.39   5   2.2   5
8.4   5   2.2   5
8.41   5   2.2   5
8.42   5   2.2   5
8.43   5   2.2   5
8.44   5   2.2   5
8.45   5   2.2   5
8.46   5   2.2   5
8.47   5   2.2   5
8.48   5   2.2   5
8.49   5   2.2   5
8.5   5   2.2   5
8.51   5   2.2   5
8.52   5   2.2   5
8.53   5   2.2   5
8.54   5   2.2   5
8.55   5   2.2   5
8.56   5   2.2   5
8.57   5   2.2   5
8.58   5   2.2   5
8.59   5   2.2   5
8.6   5   2.2   5
8.61   5   2.2   5
8.62   5   2.2   5
8.63   5   2.2   5
8.64   5   2.2   5
8.65   5   2.2   5
8.66   5   2.2   5
8.67   5   2.2   5
8.68   5   2.2   5
8.69   5   2.2   5
8.7   5   2.2   5
8.71   5   2.2   5
8.72   5   2.2   5
8.73   5   2.2   5
8.74   5   2.2   5
8.75   5   2.2   5
8.76   5   2.2   5
8.77   5   2.2   5
8.78   5   2.2   5
8.79   5   2.2   5
8.8   5   2.2   5
8.81   5   2.2   5
8.82   5   2.2   5
8.83   5   2.2   5
8.84   5   2.2   5
8.85   5   2.2   5
8.86   5   2.2   5
8.87   5   2.2   5
8.88   5   2.2   5
8.89   5   2.2   5
8.9   5   2.2   5
8.91   5   2.2   5
8.92   5   2.2   5
8.93   5   2.2   5
8.94   5   2.2   5
8.95   5   2.2   5
8.96   5   2.2   5
8.97   5   2.2   5
8.98   5   2.2   5
8.99   5   2.2   5
9   5   2.2   5
9.01   5   2.2   5
9.02   5   2.2   5
9.03   5   2.2   5
9.04   5   2.2   5
9.05   5   2.2   5
9.06   5   2.2   5
9.07   5   2.2   5
9.08   5   2.2   5
9.09   5   2.2   5
9.1   5   2.2   5
9.11   5   2.2   5
9.12   5   2.2   5
9.13   5   2.2   5
9.14   5   2.2   5
9.15   5   2.2   5
9.16   5   2.2   5
9.17   5   2.2   5
9.18   5   2.2   5
9.19   5   2.2   5
9.2   5   2.2   5
9.21   5   2.2   5
9.22   5   2.2   5
9.23   5   2.2   5
9.24   5   2.2   5
9.25   5   2.2   5
9.26   5   2.2   5
9.27   5   2.2   5
9.28   5   2.2   5
9.29   5   2.2   5
9.3   5   2.2   5
9.31   5   2.2   5
9.32   5   2.2   5
9.33   5   2.2   5
9.34   5   2.2   5
9.35   5   2.2   5
9.36   5   2.2   5
9.37   5   2.2   5
9.38   5   2.2   5
9.39   5   2.2   5
9.4   5   2.2   5
9.41   5   2.2   5
9.42   5   2.2   5
9.43   5   2.2   5
9.44   5   2.2   5
9.45   5   2.2   5
9.46   5   2.2   5
9.47   5   2.2   5
9.48   5   2.2   5
9.49   5   2.2   5
9.5   5   2.2   5
9.51   5   2.2   5
9.52   5   2.2   5
9.53   5   2.2   5
9.54   5   2.2   5
9.55   5   2.2   5
9.56   5   2.2   5
9.57   5   2.2   5
9.58   5   2.2   5
9.59   5   2.2   5
9.6   5   2.2   5
9.61   5   2.2   5
9.62   5   2.2   5
9.63   5   2.2   5
9.64   5   2.2   5
9.65   5   2.2   5
9.66   5   2.2   5
9.67   5   2.2   5
9.68   5   2.2   5
9.69   5   2.2   5
9.7   5   2.2   5
9.71   5   2.2   5
9.72   5   2.2   5
9.73   5   2.2   5
9.74   5   2.2   5
9.75   5   2.2   5
9.76   5   2.2   5
9.77   5   2.2   5
9.78   5   2.2   5
9.79   5   2.2   5
9.8   5   2.2   5
9.81   5   2.2   5
9.82   5   2.2   5
9.83   5   2.2   5
9.84   5   2.2   5
9.85   5   2.2   5
9.86   5   2.2   5
9.87   5   2.2   5
9.88   5   2.2   5
9.89   5   2.2   5
9.9   5   2.2   5
9.91   5   2.2   5
9.92   5   2.2   5
9.93   5   2.2   5
9.94   5   2.2   5
9.95   5   2.2   5
9.96   5   2.2   5
9.97   5   2.2   5
9.98   5   2.2   5
9.99   5   2.2   5
10   5   2.2   5
10.01   5   2.2   5
