#Premier Ordre :
#1 - Exemple 1
#2 - Circuit A
#3 - Circuit B
#Deuxième Ordre :
#4 - Exemple 2
#5 - Circuit C
#6 - Circuit D
#Choisir la source ?
#1 - Echelon
#2 - Porte
#3 - Carre
#4 - Triangle
#5 - Rampe f(t)=-3*t (Exemple1)
#6 - Nulle (Exemple 2)
#Choix des valeurs pour le circuit suivant :
#_____/\/\/\____|\______________  
#|      Rd      |/       |     |
#|                 D     /    _|_
#E                     R \    --- C 
#|                       /     |
#|_______________________|_____|
#Valeur de Rd (Ohm) : 
#Valeur de R (Ohm) : 
#Valeur de C (Farad) : 
#Temps   Ve   Vs   Vd
#Diode passante
0.01   2.45   0.019   0.55
#Diode bloquee
0.02   2.4   0.01881   2.419
#Diode passante
0.03   2.35   0.03643   0.5876
#Diode bloquee
0.04   2.3   0.03607   2.336
#Diode passante
0.05   2.25   0.05235   0.6221
0.06   2.2   0.0678   0.6547
0.07   2.15   0.08245   0.6856
0.08   2.1   0.0963   0.7149
0.09   2.05   0.1094   0.7426
0.1   2   0.1217   0.7687
0.11   1.95   0.1332   0.7934
0.12   1.9   0.1441   0.8165
0.13   1.85   0.1542   0.8382
0.14   1.8   0.1636   0.8584
0.15   1.75   0.1723   0.8772
0.16   1.7   0.1804   0.8947
0.17   1.65   0.1878   0.9108
0.18   1.6   0.1945   0.9256
0.19   1.55   0.2006   0.9391
0.2   1.5   0.2061   0.9513
0.21   1.45   0.211   0.9623
0.22   1.4   0.2153   0.972
0.23   1.35   0.219   0.9806
0.24   1.3   0.2221   0.988
0.25   1.25   0.2247   0.9942
0.26   1.2   0.2267   0.9993
0.27   1.15   0.2281   1.003
0.28   1.1   0.2291   1.006
0.29   1.05   0.2295   1.008
0.3   1   0.2294   1.009
0.31   0.95   0.2288   1.009
0.32   0.9   0.2277   1.008
0.33   0.85   0.2262   1.005
0.34   0.8   0.2242   1.002
0.35   0.75   0.2217   0.9983
0.36   0.7   0.2187   0.9934
0.37   0.65   0.2154   0.9875
0.38   0.6   0.2116   0.9807
0.39   0.55   0.2073   0.9731
0.4   0.5   0.2027   0.9647
0.41   0.45   0.1976   0.9554
0.42   0.4   0.1922   0.9453
0.43   0.35   0.1863   0.9344
0.44   0.3   0.1801   0.9227
0.45   0.25   0.1735   0.9102
0.46   0.2   0.1665   0.897
0.47   0.15   0.1592   0.8831
0.48   0.1   0.1515   0.8684
0.49   0.05   0.1435   0.853
0.5   -1.11e-15   0.1351   0.837
0.51   -0.05   0.1264   0.8202
0.52   -0.1   0.1174   0.8028
0.53   -0.15   0.108   0.7848
0.54   -0.2   0.09838   0.7661
0.55   -0.25   0.08841   0.7468
0.56   -0.3   0.07814   0.7268
0.57   -0.35   0.06758   0.7063
0.58   -0.4   0.05673   0.6852
0.59   -0.45   0.04559   0.6635
0.6   -0.5   0.03418   0.6412
0.61   -0.55   0.0225   0.6184
0.62   -0.6   0.01055   0.595
#Diode bloquee
0.63   -0.65   0.01044   -0.6395
0.64   -0.7   0.01034   -0.6896
0.65   -0.75   0.01024   -0.7397
0.66   -0.8   0.01013   -0.7898
0.67   -0.85   0.01003   -0.8399
0.68   -0.9   0.009931   -0.89
0.69   -0.95   0.009832   -0.9401
0.7   -1   0.009734   -0.9902
0.71   -1.05   0.009636   -1.04
0.72   -1.1   0.00954   -1.09
0.73   -1.15   0.009445   -1.14
0.74   -1.2   0.00935   -1.191
0.75   -1.25   0.009257   -1.241
0.76   -1.3   0.009164   -1.291
0.77   -1.35   0.009073   -1.341
0.78   -1.4   0.008982   -1.391
0.79   -1.45   0.008892   -1.441
0.8   -1.5   0.008803   -1.491
0.81   -1.55   0.008715   -1.541
0.82   -1.6   0.008628   -1.591
0.83   -1.65   0.008542   -1.641
0.84   -1.7   0.008456   -1.691
0.85   -1.75   0.008372   -1.742
0.86   -1.8   0.008288   -1.792
0.87   -1.85   0.008205   -1.842
0.88   -1.9   0.008123   -1.892
0.89   -1.95   0.008042   -1.942
0.9   -2   0.007961   -1.992
0.91   -2.05   0.007882   -2.042
0.92   -2.1   0.007803   -2.092
0.93   -2.15   0.007725   -2.142
0.94   -2.2   0.007648   -2.192
0.95   -2.25   0.007571   -2.242
0.96   -2.3   0.007495   -2.292
0.97   -2.35   0.00742   -2.343
0.98   -2.4   0.007346   -2.393
0.99   -2.45   0.007273   -2.443
1   -2.5   0.0072   -2.493
1.01   -2.45   0.007128   -2.443
1.02   -2.4   0.007057   -2.393
1.03   -2.35   0.006986   -2.343
1.04   -2.3   0.006916   -2.293
1.05   -2.25   0.006847   -2.243
1.06   -2.2   0.006779   -2.193
1.07   -2.15   0.006711   -2.143
1.08   -2.1   0.006644   -2.093
1.09   -2.05   0.006577   -2.043
1.1   -2   0.006512   -1.993
1.11   -1.95   0.006446   -1.943
1.12   -1.9   0.006382   -1.894
1.13   -1.85   0.006318   -1.844
1.14   -1.8   0.006255   -1.794
1.15   -1.75   0.006192   -1.744
1.16   -1.7   0.006131   -1.694
1.17   -1.65   0.006069   -1.644
1.18   -1.6   0.006009   -1.594
1.19   -1.55   0.005948   -1.544
1.2   -1.5   0.005889   -1.494
1.21   -1.45   0.00583   -1.444
1.22   -1.4   0.005772   -1.394
1.23   -1.35   0.005714   -1.344
1.24   -1.3   0.005657   -1.294
1.25   -1.25   0.0056   -1.244
1.26   -1.2   0.005544   -1.194
1.27   -1.15   0.005489   -1.144
1.28   -1.1   0.005434   -1.095
1.29   -1.05   0.00538   -1.045
1.3   -1   0.005326   -0.9946
1.31   -0.95   0.005273   -0.9447
1.32   -0.9   0.00522   -0.8947
1.33   -0.85   0.005168   -0.8448
1.34   -0.8   0.005116   -0.7948
1.35   -0.75   0.005065   -0.7449
1.36   -0.7   0.005014   -0.6949
1.37   -0.65   0.004964   -0.645
1.38   -0.6   0.004914   -0.595
1.39   -0.55   0.004865   -0.5451
1.4   -0.5   0.004817   -0.4951
1.41   -0.45   0.004768   -0.4452
1.42   -0.4   0.004721   -0.3952
1.43   -0.35   0.004674   -0.3453
1.44   -0.3   0.004627   -0.2953
1.45   -0.25   0.004581   -0.2454
1.46   -0.2   0.004535   -0.1954
1.47   -0.15   0.004489   -0.1455
1.48   -0.1   0.004445   -0.09551
1.49   -0.05   0.0044   -0.04556
1.5   5.551e-15   0.004356   0.0044
1.51   0.05   0.004313   0.05436
1.52   0.1   0.004269   0.1043
1.53   0.15   0.004227   0.1543
1.54   0.2   0.004184   0.2042
1.55   0.25   0.004143   0.2542
1.56   0.3   0.004101   0.3041
1.57   0.35   0.00406   0.3541
1.58   0.4   0.00402   0.4041
1.59   0.45   0.003979   0.454
1.6   0.5   0.00394   0.504
1.61   0.55   0.0039   0.5539
1.62   0.6   0.003861   0.6039
#Diode passante
1.63   0.65   0.003784   0.6577
1.64   0.7   0.004208   0.6576
1.65   0.75   0.005124   0.6584
1.66   0.8   0.006522   0.6602
1.67   0.85   0.008391   0.663
1.68   0.9   0.01072   0.6668
1.69   0.95   0.01351   0.6714
1.7   1   0.01674   0.677
1.71   1.05   0.0204   0.6835
1.72   1.1   0.0245   0.6908
1.73   1.15   0.02901   0.699
1.74   1.2   0.03393   0.708
1.75   1.25   0.03925   0.7179
1.76   1.3   0.04496   0.7285
1.77   1.35   0.05106   0.7399
1.78   1.4   0.05754   0.7521
1.79   1.45   0.06439   0.7651
1.8   1.5   0.0716   0.7788
1.81   1.55   0.07917   0.7932
1.82   1.6   0.08709   0.8083
1.83   1.65   0.09535   0.8242
1.84   1.7   0.1039   0.8407
1.85   1.75   0.1129   0.8579
1.86   1.8   0.1221   0.8757
1.87   1.85   0.1317   0.8942
1.88   1.9   0.1415   0.9133
1.89   1.95   0.1517   0.9331
1.9   2   0.1622   0.9534
1.91   2.05   0.1729   0.9743
1.92   2.1   0.184   0.9958
1.93   2.15   0.1953   1.018
1.94   2.2   0.2069   1.041
1.95   2.25   0.2187   1.064
1.96   2.3   0.2309   1.087
1.97   2.35   0.2432   1.112
1.98   2.4   0.2559   1.136
1.99   2.45   0.2688   1.162
2   2.5   0.2819   1.188
2.01   2.45   0.2953   1.114
2.02   2.4   0.3078   1.141
2.03   2.35   0.3197   1.166
2.04   2.3   0.3308   1.189
2.05   2.25   0.3412   1.212
2.06   2.2   0.3509   1.232
2.07   2.15   0.3598   1.252
2.08   2.1   0.3681   1.27
2.09   2.05   0.3758   1.286
2.1   2   0.3828   1.302
2.11   1.95   0.3891   1.316
2.12   1.9   0.3948   1.328
2.13   1.85   0.3999   1.34
2.14   1.8   0.4044   1.35
2.15   1.75   0.4083   1.359
2.16   1.7   0.4117   1.367
2.17   1.65   0.4144   1.373
2.18   1.6   0.4167   1.379
2.19   1.55   0.4183   1.383
2.2   1.5   0.4195   1.387
2.21   1.45   0.4201   1.389
2.22   1.4   0.4202   1.39
2.23   1.35   0.4198   1.39
2.24   1.3   0.4189   1.39
2.25   1.25   0.4175   1.388
2.26   1.2   0.4156   1.385
2.27   1.15   0.4133   1.381
2.28   1.1   0.4106   1.377
2.29   1.05   0.4073   1.371
2.3   1   0.4037   1.365
2.31   0.95   0.3996   1.357
2.32   0.9   0.3951   1.349
2.33   0.85   0.3902   1.34
2.34   0.8   0.3849   1.33
2.35   0.75   0.3792   1.32
2.36   0.7   0.3731   1.308
2.37   0.65   0.3667   1.296
2.38   0.6   0.3598   1.283
2.39   0.55   0.3527   1.27
2.4   0.5   0.3451   1.255
2.41   0.45   0.3372   1.24
2.42   0.4   0.329   1.224
2.43   0.35   0.3204   1.208
2.44   0.3   0.3115   1.191
2.45   0.25   0.3022   1.173
2.46   0.2   0.2927   1.154
2.47   0.15   0.2828   1.135
2.48   0.1   0.2727   1.116
2.49   0.05   0.2622   1.095
2.5   4.663e-14   0.2515   1.074
2.51   -0.05   0.2405   1.053
2.52   -0.1   0.2291   1.031
2.53   -0.15   0.2176   1.008
2.54   -0.2   0.2057   0.9851
2.55   -0.25   0.1936   0.9614
2.56   -0.3   0.1812   0.9372
2.57   -0.35   0.1686   0.9124
2.58   -0.4   0.1557   0.8872
2.59   -0.45   0.1426   0.8615
2.6   -0.5   0.1293   0.8352
2.61   -0.55   0.1157   0.8085
2.62   -0.6   0.1019   0.7813
2.63   -0.65   0.08782   0.7537
2.64   -0.7   0.07357   0.7256
2.65   -0.75   0.0591   0.6971
2.66   -0.8   0.04441   0.6682
2.67   -0.85   0.02953   0.6388
2.68   -0.9   0.01444   0.6091
2.69   -0.95   -0.0008531   0.5789
#Diode bloquee
2.7   -1   -0.0008446   -1.001
2.71   -1.05   -0.0008361   -1.051
2.72   -1.1   -0.0008278   -1.101
2.73   -1.15   -0.0008195   -1.151
2.74   -1.2   -0.0008113   -1.201
2.75   -1.25   -0.0008032   -1.251
2.76   -1.3   -0.0007951   -1.301
2.77   -1.35   -0.0007872   -1.351
2.78   -1.4   -0.0007793   -1.401
2.79   -1.45   -0.0007715   -1.451
2.8   -1.5   -0.0007638   -1.501
2.81   -1.55   -0.0007562   -1.551
2.82   -1.6   -0.0007486   -1.601
2.83   -1.65   -0.0007411   -1.651
2.84   -1.7   -0.0007337   -1.701
2.85   -1.75   -0.0007264   -1.751
2.86   -1.8   -0.0007191   -1.801
2.87   -1.85   -0.0007119   -1.851
2.88   -1.9   -0.0007048   -1.901
2.89   -1.95   -0.0006978   -1.951
2.9   -2   -0.0006908   -2.001
2.91   -2.05   -0.0006839   -2.051
2.92   -2.1   -0.000677   -2.101
2.93   -2.15   -0.0006703   -2.151
2.94   -2.2   -0.0006636   -2.201
2.95   -2.25   -0.0006569   -2.251
2.96   -2.3   -0.0006504   -2.301
2.97   -2.35   -0.0006439   -2.351
2.98   -2.4   -0.0006374   -2.401
2.99   -2.45   -0.000631   -2.451
3   -2.5   -0.0006247   -2.501
3.01   -2.45   -0.0006185   -2.451
3.02   -2.4   -0.0006123   -2.401
3.03   -2.35   -0.0006062   -2.351
3.04   -2.3   -0.0006001   -2.301
3.05   -2.25   -0.0005941   -2.251
3.06   -2.2   -0.0005882   -2.201
3.07   -2.15   -0.0005823   -2.151
3.08   -2.1   -0.0005765   -2.101
3.09   -2.05   -0.0005707   -2.051
3.1   -2   -0.000565   -2.001
3.11   -1.95   -0.0005593   -1.951
3.12   -1.9   -0.0005537   -1.901
3.13   -1.85   -0.0005482   -1.851
3.14   -1.8   -0.0005427   -1.801
3.15   -1.75   -0.0005373   -1.751
3.16   -1.7   -0.0005319   -1.701
3.17   -1.65   -0.0005266   -1.651
3.18   -1.6   -0.0005213   -1.601
3.19   -1.55   -0.0005161   -1.551
3.2   -1.5   -0.000511   -1.501
3.21   -1.45   -0.0005059   -1.451
3.22   -1.4   -0.0005008   -1.401
3.23   -1.35   -0.0004958   -1.351
3.24   -1.3   -0.0004908   -1.3
3.25   -1.25   -0.0004859   -1.25
3.26   -1.2   -0.0004811   -1.2
3.27   -1.15   -0.0004763   -1.15
3.28   -1.1   -0.0004715   -1.1
3.29   -1.05   -0.0004668   -1.05
3.3   -1   -0.0004621   -1
3.31   -0.95   -0.0004575   -0.9505
3.32   -0.9   -0.0004529   -0.9005
3.33   -0.85   -0.0004484   -0.8505
3.34   -0.8   -0.0004439   -0.8004
3.35   -0.75   -0.0004395   -0.7504
3.36   -0.7   -0.0004351   -0.7004
3.37   -0.65   -0.0004307   -0.6504
3.38   -0.6   -0.0004264   -0.6004
3.39   -0.55   -0.0004221   -0.5504
3.4   -0.5   -0.0004179   -0.5004
3.41   -0.45   -0.0004137   -0.4504
3.42   -0.4   -0.0004096   -0.4004
3.43   -0.35   -0.0004055   -0.3504
3.44   -0.3   -0.0004015   -0.3004
3.45   -0.25   -0.0003974   -0.2504
3.46   -0.2   -0.0003935   -0.2004
3.47   -0.15   -0.0003895   -0.1504
3.48   -0.1   -0.0003856   -0.1004
3.49   -0.05   -0.0003818   -0.05039
3.5   -1.532e-13   -0.000378   -0.0003818
3.51   0.05   -0.0003742   0.04962
3.52   0.1   -0.0003704   0.09963
3.53   0.15   -0.0003667   0.1496
3.54   0.2   -0.0003631   0.1996
3.55   0.25   -0.0003594   0.2496
3.56   0.3   -0.0003558   0.2996
3.57   0.35   -0.0003523   0.3496
3.58   0.4   -0.0003488   0.3996
3.59   0.45   -0.0003453   0.4497
3.6   0.5   -0.0003418   0.4997
3.61   0.55   -0.0003384   0.5497
3.62   0.6   -0.000335   0.5997
3.63   0.65   -0.0003317   0.6497
#Diode passante
3.64   0.7   0.000175   0.6493
3.65   0.75   0.001171   0.6503
3.66   0.8   0.002648   0.6523
3.67   0.85   0.004595   0.6553
3.68   0.9   0.007003   0.6592
3.69   0.95   0.009863   0.664
3.7   1   0.01317   0.6697
3.71   1.05   0.0169   0.6763
3.72   1.1   0.02106   0.6838
3.73   1.15   0.02564   0.6921
3.74   1.2   0.03063   0.7013
3.75   1.25   0.03602   0.7113
3.76   1.3   0.0418   0.722
3.77   1.35   0.04796   0.7336
3.78   1.4   0.0545   0.7459
3.79   1.45   0.06141   0.759
3.8   1.5   0.06868   0.7728
3.81   1.55   0.07631   0.7874
3.82   1.6   0.08428   0.8026
3.83   1.65   0.0926   0.8186
3.84   1.7   0.1012   0.8352
3.85   1.75   0.1102   0.8525
3.86   1.8   0.1195   0.8704
3.87   1.85   0.1291   0.889
3.88   1.9   0.139   0.9083
3.89   1.95   0.1493   0.9281
3.9   2   0.1598   0.9485
3.91   2.05   0.1706   0.9696
3.92   2.1   0.1817   0.9912
3.93   2.15   0.193   1.013
3.94   2.2   0.2047   1.036
3.95   2.25   0.2166   1.059
3.96   2.3   0.2288   1.083
3.97   2.35   0.2412   1.108
3.98   2.4   0.2539   1.132
3.99   2.45   0.2668   1.158
4   2.5   0.2799   1.184
4.01   2.45   0.2933   1.11
4.02   2.4   0.306   1.137
4.03   2.35   0.3179   1.162
4.04   2.3   0.329   1.186
4.05   2.25   0.3394   1.208
4.06   2.2   0.3491   1.229
4.07   2.15   0.3581   1.248
4.08   2.1   0.3665   1.266
4.09   2.05   0.3742   1.283
4.1   2   0.3812   1.298
4.11   1.95   0.3875   1.312
4.12   1.9   0.3933   1.325
4.13   1.85   0.3984   1.337
4.14   1.8   0.403   1.347
4.15   1.75   0.4069   1.356
4.16   1.7   0.4103   1.364
4.17   1.65   0.4131   1.371
4.18   1.6   0.4153   1.376
4.19   1.55   0.417   1.381
4.2   1.5   0.4182   1.384
4.21   1.45   0.4188   1.386
4.22   1.4   0.4189   1.388
4.23   1.35   0.4185   1.388
4.24   1.3   0.4177   1.387
4.25   1.25   0.4163   1.385
4.26   1.2   0.4145   1.383
4.27   1.15   0.4122   1.379
4.28   1.1   0.4095   1.374
4.29   1.05   0.4063   1.369
4.3   1   0.4026   1.363
4.31   0.95   0.3986   1.355
4.32   0.9   0.3941   1.347
4.33   0.85   0.3892   1.338
4.34   0.8   0.3839   1.328
4.35   0.75   0.3783   1.318
4.36   0.7   0.3722   1.307
4.37   0.65   0.3658   1.294
4.38   0.6   0.3589   1.282
4.39   0.55   0.3518   1.268
4.4   0.5   0.3442   1.254
4.41   0.45   0.3363   1.238
4.42   0.4   0.3281   1.223
4.43   0.35   0.3196   1.206
4.44   0.3   0.3107   1.189
4.45   0.25   0.3015   1.171
4.46   0.2   0.2919   1.153
4.47   0.15   0.2821   1.134
4.48   0.1   0.2719   1.114
4.49   0.05   0.2615   1.094
4.5   2.576e-13   0.2508   1.073
4.51   -0.05   0.2398   1.052
4.52   -0.1   0.2285   1.03
4.53   -0.15   0.2169   1.007
4.54   -0.2   0.2051   0.9838
4.55   -0.25   0.193   0.9601
4.56   -0.3   0.1806   0.9359
4.57   -0.35   0.168   0.9112
4.58   -0.4   0.1551   0.886
4.59   -0.45   0.142   0.8602
4.6   -0.5   0.1287   0.834
4.61   -0.55   0.1151   0.8074
4.62   -0.6   0.1013   0.7802
4.63   -0.65   0.08728   0.7526
4.64   -0.7   0.07303   0.7246
4.65   -0.75   0.05857   0.6961
4.66   -0.8   0.0439   0.6671
4.67   -0.85   0.02902   0.6378
4.68   -0.9   0.01394   0.608
4.69   -0.95   -0.001337   0.5779
#Diode bloquee
4.7   -1   -0.001323   -1.001
4.71   -1.05   -0.00131   -1.051
4.72   -1.1   -0.001297   -1.101
4.73   -1.15   -0.001284   -1.151
4.74   -1.2   -0.001271   -1.201
4.75   -1.25   -0.001258   -1.251
4.76   -1.3   -0.001246   -1.301
4.77   -1.35   -0.001233   -1.351
4.78   -1.4   -0.001221   -1.401
4.79   -1.45   -0.001209   -1.451
4.8   -1.5   -0.001197   -1.501
4.81   -1.55   -0.001185   -1.551
4.82   -1.6   -0.001173   -1.601
4.83   -1.65   -0.001161   -1.651
4.84   -1.7   -0.00115   -1.701
4.85   -1.75   -0.001138   -1.751
4.86   -1.8   -0.001127   -1.801
4.87   -1.85   -0.001115   -1.851
4.88   -1.9   -0.001104   -1.901
4.89   -1.95   -0.001093   -1.951
4.9   -2   -0.001082   -2.001
4.91   -2.05   -0.001071   -2.051
4.92   -2.1   -0.001061   -2.101
4.93   -2.15   -0.00105   -2.151
4.94   -2.2   -0.00104   -2.201
4.95   -2.25   -0.001029   -2.251
4.96   -2.3   -0.001019   -2.301
4.97   -2.35   -0.001009   -2.351
4.98   -2.4   -0.0009987   -2.401
4.99   -2.45   -0.0009887   -2.451
5   -2.5   -0.0009788   -2.501
5.01   -2.45   -0.000969   -2.451
5.02   -2.4   -0.0009593   -2.401
5.03   -2.35   -0.0009497   -2.351
5.04   -2.3   -0.0009402   -2.301
5.05   -2.25   -0.0009308   -2.251
5.06   -2.2   -0.0009215   -2.201
5.07   -2.15   -0.0009123   -2.151
5.08   -2.1   -0.0009032   -2.101
5.09   -2.05   -0.0008942   -2.051
5.1   -2   -0.0008852   -2.001
5.11   -1.95   -0.0008764   -1.951
5.12   -1.9   -0.0008676   -1.901
5.13   -1.85   -0.0008589   -1.851
5.14   -1.8   -0.0008503   -1.801
5.15   -1.75   -0.0008418   -1.751
5.16   -1.7   -0.0008334   -1.701
5.17   -1.65   -0.0008251   -1.651
5.18   -1.6   -0.0008168   -1.601
5.19   -1.55   -0.0008087   -1.551
5.2   -1.5   -0.0008006   -1.501
5.21   -1.45   -0.0007926   -1.451
5.22   -1.4   -0.0007846   -1.401
5.23   -1.35   -0.0007768   -1.351
5.24   -1.3   -0.000769   -1.301
5.25   -1.25   -0.0007613   -1.251
5.26   -1.2   -0.0007537   -1.201
5.27   -1.15   -0.0007462   -1.151
5.28   -1.1   -0.0007387   -1.101
5.29   -1.05   -0.0007313   -1.051
5.3   -1   -0.000724   -1.001
5.31   -0.95   -0.0007168   -0.9507
5.32   -0.9   -0.0007096   -0.9007
5.33   -0.85   -0.0007025   -0.8507
5.34   -0.8   -0.0006955   -0.8007
5.35   -0.75   -0.0006885   -0.7507
5.36   -0.7   -0.0006816   -0.7007
5.37   -0.65   -0.0006748   -0.6507
5.38   -0.6   -0.0006681   -0.6007
5.39   -0.55   -0.0006614   -0.5507
5.4   -0.5   -0.0006548   -0.5007
5.41   -0.45   -0.0006482   -0.4507
5.42   -0.4   -0.0006418   -0.4006
5.43   -0.35   -0.0006353   -0.3506
5.44   -0.3   -0.000629   -0.3006
5.45   -0.25   -0.0006227   -0.2506
5.46   -0.2   -0.0006165   -0.2006
5.47   -0.15   -0.0006103   -0.1506
5.48   -0.1   -0.0006042   -0.1006
5.49   -0.05   -0.0005982   -0.0506
5.5   -3.642e-13   -0.0005922   -0.0005982
5.51   0.05   -0.0005863   0.04941
5.52   0.1   -0.0005804   0.09941
5.53   0.15   -0.0005746   0.1494
5.54   0.2   -0.0005688   0.1994
5.55   0.25   -0.0005632   0.2494
5.56   0.3   -0.0005575   0.2994
5.57   0.35   -0.0005519   0.3494
5.58   0.4   -0.0005464   0.3994
5.59   0.45   -0.000541   0.4495
5.6   0.5   -0.0005356   0.4995
5.61   0.55   -0.0005302   0.5495
5.62   0.6   -0.0005249   0.5995
5.63   0.65   -0.0005196   0.6495
#Diode passante
5.64   0.7   -9.257e-06   0.649
5.65   0.75   0.0009909   0.65
5.66   0.8   0.002471   0.652
5.67   0.85   0.004422   0.6549
5.68   0.9   0.006833   0.6588
5.69   0.95   0.009697   0.6637
5.7   1   0.013   0.6694
5.71   1.05   0.01674   0.676
5.72   1.1   0.02091   0.6835
5.73   1.15   0.02549   0.6918
5.74   1.2   0.03048   0.701
5.75   1.25   0.03587   0.711
5.76   1.3   0.04165   0.7217
5.77   1.35   0.04782   0.7333
5.78   1.4   0.05436   0.7456
5.79   1.45   0.06128   0.7587
5.8   1.5   0.06855   0.7726
5.81   1.55   0.07618   0.7871
5.82   1.6   0.08416   0.8024
5.83   1.65   0.09247   0.8183
5.84   1.7   0.1011   0.8349
5.85   1.75   0.1101   0.8522
5.86   1.8   0.1194   0.8702
5.87   1.85   0.129   0.8888
5.88   1.9   0.1389   0.908
5.89   1.95   0.1492   0.9279
5.9   2   0.1597   0.9483
5.91   2.05   0.1705   0.9693
5.92   2.1   0.1816   0.991
5.93   2.15   0.1929   1.013
5.94   2.2   0.2046   1.036
5.95   2.25   0.2165   1.059
5.96   2.3   0.2287   1.083
5.97   2.35   0.2411   1.107
5.98   2.4   0.2538   1.132
5.99   2.45   0.2667   1.158
6   2.5   0.2799   1.183
6.01   2.45   0.2933   1.11
6.02   2.4   0.3059   1.137
6.03   2.35   0.3178   1.162
6.04   2.3   0.3289   1.186
6.05   2.25   0.3393   1.208
6.06   2.2   0.3491   1.229
6.07   2.15   0.3581   1.248
6.08   2.1   0.3664   1.266
6.09   2.05   0.3741   1.283
6.1   2   0.3811   1.298
6.11   1.95   0.3875   1.312
6.12   1.9   0.3932   1.325
6.13   1.85   0.3984   1.336
6.14   1.8   0.4029   1.347
6.15   1.75   0.4068   1.356
6.16   1.7   0.4102   1.364
6.17   1.65   0.413   1.37
6.18   1.6   0.4152   1.376
6.19   1.55   0.4169   1.38
6.2   1.5   0.4181   1.384
6.21   1.45   0.4187   1.386
6.22   1.4   0.4189   1.387
6.23   1.35   0.4185   1.388
6.24   1.3   0.4176   1.387
6.25   1.25   0.4163   1.385
6.26   1.2   0.4144   1.383
6.27   1.15   0.4121   1.379
6.28   1.1   0.4094   1.374
6.29   1.05   0.4062   1.369
6.3   1   0.4026   1.362
6.31   0.95   0.3985   1.355
6.32   0.9   0.3941   1.347
6.33   0.85   0.3892   1.338
6.34   0.8   0.3839   1.328
6.35   0.75   0.3782   1.318
6.36   0.7   0.3722   1.306
6.37   0.65   0.3657   1.294
6.38   0.6   0.3589   1.281
6.39   0.55   0.3517   1.268
6.4   0.5   0.3442   1.253
6.41   0.45   0.3363   1.238
6.42   0.4   0.3281   1.223
6.43   0.35   0.3195   1.206
6.44   0.3   0.3106   1.189
6.45   0.25   0.3014   1.171
6.46   0.2   0.2919   1.153
6.47   0.15   0.282   1.134
6.48   0.1   0.2719   1.114
6.49   0.05   0.2615   1.094
6.5   4.707e-13   0.2507   1.073
6.51   -0.05   0.2397   1.051
6.52   -0.1   0.2284   1.029
6.53   -0.15   0.2169   1.007
6.54   -0.2   0.205   0.9837
6.55   -0.25   0.1929   0.96
6.56   -0.3   0.1806   0.9358
6.57   -0.35   0.168   0.9111
6.58   -0.4   0.1551   0.8859
6.59   -0.45   0.142   0.8602
6.6   -0.5   0.1287   0.834
6.61   -0.55   0.1151   0.8073
6.62   -0.6   0.1013   0.7802
6.63   -0.65   0.08725   0.7526
6.64   -0.7   0.07301   0.7245
6.65   -0.75   0.05855   0.696
6.66   -0.8   0.04388   0.6671
6.67   -0.85   0.029   0.6378
6.68   -0.9   0.01392   0.608
6.69   -0.95   -0.001359   0.5778
#Diode bloquee
6.7   -1   -0.001345   -1.001
6.71   -1.05   -0.001332   -1.051
6.72   -1.1   -0.001318   -1.101
6.73   -1.15   -0.001305   -1.151
6.74   -1.2   -0.001292   -1.201
6.75   -1.25   -0.001279   -1.251
6.76   -1.3   -0.001266   -1.301
6.77   -1.35   -0.001254   -1.351
6.78   -1.4   -0.001241   -1.401
6.79   -1.45   -0.001229   -1.451
6.8   -1.5   -0.001216   -1.501
6.81   -1.55   -0.001204   -1.551
6.82   -1.6   -0.001192   -1.601
6.83   -1.65   -0.00118   -1.651
6.84   -1.7   -0.001169   -1.701
6.85   -1.75   -0.001157   -1.751
6.86   -1.8   -0.001145   -1.801
6.87   -1.85   -0.001134   -1.851
6.88   -1.9   -0.001123   -1.901
6.89   -1.95   -0.001111   -1.951
6.9   -2   -0.0011   -2.001
6.91   -2.05   -0.001089   -2.051
6.92   -2.1   -0.001078   -2.101
6.93   -2.15   -0.001067   -2.151
6.94   -2.2   -0.001057   -2.201
6.95   -2.25   -0.001046   -2.251
6.96   -2.3   -0.001036   -2.301
6.97   -2.35   -0.001025   -2.351
6.98   -2.4   -0.001015   -2.401
6.99   -2.45   -0.001005   -2.451
7   -2.5   -0.000995   -2.501
7.01   -2.45   -0.000985   -2.451
7.02   -2.4   -0.0009752   -2.401
7.03   -2.35   -0.0009654   -2.351
7.04   -2.3   -0.0009558   -2.301
7.05   -2.25   -0.0009462   -2.251
7.06   -2.2   -0.0009367   -2.201
7.07   -2.15   -0.0009274   -2.151
7.08   -2.1   -0.0009181   -2.101
7.09   -2.05   -0.0009089   -2.051
7.1   -2   -0.0008998   -2.001
7.11   -1.95   -0.0008908   -1.951
7.12   -1.9   -0.0008819   -1.901
7.13   -1.85   -0.0008731   -1.851
7.14   -1.8   -0.0008644   -1.801
7.15   -1.75   -0.0008557   -1.751
7.16   -1.7   -0.0008472   -1.701
7.17   -1.65   -0.0008387   -1.651
7.18   -1.6   -0.0008303   -1.601
7.19   -1.55   -0.000822   -1.551
7.2   -1.5   -0.0008138   -1.501
7.21   -1.45   -0.0008057   -1.451
7.22   -1.4   -0.0007976   -1.401
7.23   -1.35   -0.0007896   -1.351
7.24   -1.3   -0.0007817   -1.301
7.25   -1.25   -0.0007739   -1.251
7.26   -1.2   -0.0007662   -1.201
7.27   -1.15   -0.0007585   -1.151
7.28   -1.1   -0.0007509   -1.101
7.29   -1.05   -0.0007434   -1.051
7.3   -1   -0.000736   -1.001
7.31   -0.95   -0.0007286   -0.9507
7.32   -0.9   -0.0007213   -0.9007
7.33   -0.85   -0.0007141   -0.8507
7.34   -0.8   -0.000707   -0.8007
7.35   -0.75   -0.0006999   -0.7507
7.36   -0.7   -0.0006929   -0.7007
7.37   -0.65   -0.000686   -0.6507
7.38   -0.6   -0.0006791   -0.6007
7.39   -0.55   -0.0006723   -0.5507
7.4   -0.5   -0.0006656   -0.5007
7.41   -0.45   -0.000659   -0.4507
7.42   -0.4   -0.0006524   -0.4007
7.43   -0.35   -0.0006458   -0.3507
7.44   -0.3   -0.0006394   -0.3006
7.45   -0.25   -0.000633   -0.2506
7.46   -0.2   -0.0006267   -0.2006
7.47   -0.15   -0.0006204   -0.1506
7.48   -0.1   -0.0006142   -0.1006
7.49   -0.05   -0.000608   -0.05061
7.5   -5.773e-13   -0.000602   -0.000608
7.51   0.05   -0.0005959   0.0494
7.52   0.1   -0.00059   0.0994
7.53   0.15   -0.0005841   0.1494
7.54   0.2   -0.0005782   0.1994
7.55   0.25   -0.0005725   0.2494
7.56   0.3   -0.0005667   0.2994
7.57   0.35   -0.0005611   0.3494
7.58   0.4   -0.0005555   0.3994
7.59   0.45   -0.0005499   0.4494
7.6   0.5   -0.0005444   0.4995
7.61   0.55   -0.000539   0.5495
7.62   0.6   -0.0005336   0.5995
7.63   0.65   -0.0005282   0.6495
#Diode passante
7.64   0.7   -1.767e-05   0.6489
7.65   0.75   0.0009827   0.65
7.66   0.8   0.002463   0.652
7.67   0.85   0.004414   0.6549
7.68   0.9   0.006825   0.6588
7.69   0.95   0.009689   0.6637
7.7   1   0.013   0.6694
7.71   1.05   0.01674   0.676
7.72   1.1   0.0209   0.6835
7.73   1.15   0.02548   0.6918
7.74   1.2   0.03047   0.701
7.75   1.25   0.03586   0.7109
7.76   1.3   0.04165   0.7217
7.77   1.35   0.04781   0.7333
7.78   1.4   0.05436   0.7456
7.79   1.45   0.06127   0.7587
7.8   1.5   0.06854   0.7725
7.81   1.55   0.07617   0.7871
7.82   1.6   0.08415   0.8023
7.83   1.65   0.09247   0.8183
7.84   1.7   0.1011   0.8349
7.85   1.75   0.1101   0.8522
7.86   1.8   0.1194   0.8702
7.87   1.85   0.129   0.8888
7.88   1.9   0.1389   0.908
7.89   1.95   0.1491   0.9279
7.9   2   0.1597   0.9483
7.91   2.05   0.1705   0.9693
7.92   2.1   0.1816   0.9909
7.93   2.15   0.1929   1.013
7.94   2.2   0.2046   1.036
7.95   2.25   0.2165   1.059
7.96   2.3   0.2287   1.083
7.97   2.35   0.2411   1.107
7.98   2.4   0.2538   1.132
7.99   2.45   0.2667   1.158
8   2.5   0.2798   1.183
8.01   2.45   0.2933   1.11
8.02   2.4   0.3059   1.137
8.03   2.35   0.3178   1.162
8.04   2.3   0.3289   1.186
8.05   2.25   0.3393   1.208
8.06   2.2   0.349   1.229
8.07   2.15   0.3581   1.248
8.08   2.1   0.3664   1.266
8.09   2.05   0.3741   1.283
8.1   2   0.3811   1.298
8.11   1.95   0.3875   1.312
8.12   1.9   0.3932   1.325
8.13   1.85   0.3984   1.336
8.14   1.8   0.4029   1.347
8.15   1.75   0.4068   1.356
8.16   1.7   0.4102   1.364
8.17   1.65   0.413   1.37
8.18   1.6   0.4152   1.376
8.19   1.55   0.4169   1.38
8.2   1.5   0.4181   1.384
8.21   1.45   0.4187   1.386
8.22   1.4   0.4189   1.387
8.23   1.35   0.4185   1.388
8.24   1.3   0.4176   1.387
8.25   1.25   0.4163   1.385
8.26   1.2   0.4144   1.383
8.27   1.15   0.4121   1.379
8.28   1.1   0.4094   1.374
8.29   1.05   0.4062   1.369
8.3   1   0.4026   1.362
8.31   0.95   0.3985   1.355
8.32   0.9   0.3941   1.347
8.33   0.85   0.3892   1.338
8.34   0.8   0.3839   1.328
8.35   0.75   0.3782   1.318
8.36   0.7   0.3722   1.306
8.37   0.65   0.3657   1.294
8.38   0.6   0.3589   1.281
8.39   0.55   0.3517   1.268
8.4   0.5   0.3442   1.253
8.41   0.45   0.3363   1.238
8.42   0.4   0.3281   1.223
8.43   0.35   0.3195   1.206
8.44   0.3   0.3106   1.189
8.45   0.25   0.3014   1.171
8.46   0.2   0.2919   1.153
8.47   0.15   0.282   1.134
8.48   0.1   0.2719   1.114
8.49   0.05   0.2615   1.094
8.5   6.839e-13   0.2507   1.073
8.51   -0.05   0.2397   1.051
8.52   -0.1   0.2284   1.029
8.53   -0.15   0.2169   1.007
8.54   -0.2   0.205   0.9837
8.55   -0.25   0.1929   0.96
8.56   -0.3   0.1806   0.9358
8.57   -0.35   0.168   0.9111
8.58   -0.4   0.1551   0.8859
8.59   -0.45   0.142   0.8602
8.6   -0.5   0.1287   0.834
8.61   -0.55   0.1151   0.8073
8.62   -0.6   0.1013   0.7802
8.63   -0.65   0.08725   0.7526
8.64   -0.7   0.07301   0.7245
8.65   -0.75   0.05855   0.696
8.66   -0.8   0.04388   0.6671
8.67   -0.85   0.029   0.6378
8.68   -0.9   0.01392   0.608
8.69   -0.95   -0.00136   0.5778
#Diode bloquee
8.7   -1   -0.001346   -1.001
8.71   -1.05   -0.001333   -1.051
8.72   -1.1   -0.001319   -1.101
8.73   -1.15   -0.001306   -1.151
8.74   -1.2   -0.001293   -1.201
8.75   -1.25   -0.00128   -1.251
8.76   -1.3   -0.001267   -1.301
8.77   -1.35   -0.001255   -1.351
8.78   -1.4   -0.001242   -1.401
8.79   -1.45   -0.00123   -1.451
8.8   -1.5   -0.001217   -1.501
8.81   -1.55   -0.001205   -1.551
8.82   -1.6   -0.001193   -1.601
8.83   -1.65   -0.001181   -1.651
8.84   -1.7   -0.001169   -1.701
8.85   -1.75   -0.001158   -1.751
8.86   -1.8   -0.001146   -1.801
8.87   -1.85   -0.001135   -1.851
8.88   -1.9   -0.001123   -1.901
8.89   -1.95   -0.001112   -1.951
8.9   -2   -0.001101   -2.001
8.91   -2.05   -0.00109   -2.051
8.92   -2.1   -0.001079   -2.101
8.93   -2.15   -0.001068   -2.151
8.94   -2.2   -0.001058   -2.201
8.95   -2.25   -0.001047   -2.251
8.96   -2.3   -0.001037   -2.301
8.97   -2.35   -0.001026   -2.351
8.98   -2.4   -0.001016   -2.401
8.99   -2.45   -0.001006   -2.451
9   -2.5   -0.0009957   -2.501
9.01   -2.45   -0.0009858   -2.451
9.02   -2.4   -0.0009759   -2.401
9.03   -2.35   -0.0009661   -2.351
9.04   -2.3   -0.0009565   -2.301
9.05   -2.25   -0.0009469   -2.251
9.06   -2.2   -0.0009374   -2.201
9.07   -2.15   -0.0009281   -2.151
9.08   -2.1   -0.0009188   -2.101
9.09   -2.05   -0.0009096   -2.051
9.1   -2   -0.0009005   -2.001
9.11   -1.95   -0.0008915   -1.951
9.12   -1.9   -0.0008826   -1.901
9.13   -1.85   -0.0008738   -1.851
9.14   -1.8   -0.000865   -1.801
9.15   -1.75   -0.0008564   -1.751
9.16   -1.7   -0.0008478   -1.701
9.17   -1.65   -0.0008393   -1.651
9.18   -1.6   -0.0008309   -1.601
9.19   -1.55   -0.0008226   -1.551
9.2   -1.5   -0.0008144   -1.501
9.21   -1.45   -0.0008063   -1.451
9.22   -1.4   -0.0007982   -1.401
9.23   -1.35   -0.0007902   -1.351
9.24   -1.3   -0.0007823   -1.301
9.25   -1.25   -0.0007745   -1.251
9.26   -1.2   -0.0007667   -1.201
9.27   -1.15   -0.0007591   -1.151
9.28   -1.1   -0.0007515   -1.101
9.29   -1.05   -0.000744   -1.051
9.3   -1   -0.0007365   -1.001
9.31   -0.95   -0.0007292   -0.9507
9.32   -0.9   -0.0007219   -0.9007
9.33   -0.85   -0.0007147   -0.8507
9.34   -0.8   -0.0007075   -0.8007
9.35   -0.75   -0.0007004   -0.7507
9.36   -0.7   -0.0006934   -0.7007
9.37   -0.65   -0.0006865   -0.6507
9.38   -0.6   -0.0006796   -0.6007
9.39   -0.55   -0.0006728   -0.5507
9.4   -0.5   -0.0006661   -0.5007
9.41   -0.45   -0.0006594   -0.4507
9.42   -0.4   -0.0006528   -0.4007
9.43   -0.35   -0.0006463   -0.3507
9.44   -0.3   -0.0006399   -0.3006
9.45   -0.25   -0.0006335   -0.2506
9.46   -0.2   -0.0006271   -0.2006
9.47   -0.15   -0.0006209   -0.1506
9.48   -0.1   -0.0006146   -0.1006
9.49   -0.05   -0.0006085   -0.05061
9.5   -7.905e-13   -0.0006024   -0.0006085
9.51   0.05   -0.0005964   0.0494
9.52   0.1   -0.0005904   0.0994
9.53   0.15   -0.0005845   0.1494
9.54   0.2   -0.0005787   0.1994
9.55   0.25   -0.0005729   0.2494
9.56   0.3   -0.0005672   0.2994
9.57   0.35   -0.0005615   0.3494
9.58   0.4   -0.0005559   0.3994
9.59   0.45   -0.0005503   0.4494
9.6   0.5   -0.0005448   0.4994
9.61   0.55   -0.0005394   0.5495
9.62   0.6   -0.000534   0.5995
9.63   0.65   -0.0005286   0.6495
#Diode passante
9.64   0.7   -1.806e-05   0.6489
9.65   0.75   0.0009823   0.65
9.66   0.8   0.002463   0.652
9.67   0.85   0.004413   0.6549
9.68   0.9   0.006825   0.6588
9.69   0.95   0.009689   0.6637
9.7   1   0.01299   0.6694
9.71   1.05   0.01673   0.676
9.72   1.1   0.0209   0.6835
9.73   1.15   0.02548   0.6918
9.74   1.2   0.03047   0.701
9.75   1.25   0.03586   0.7109
9.76   1.3   0.04165   0.7217
9.77   1.35   0.04781   0.7333
9.78   1.4   0.05436   0.7456
9.79   1.45   0.06127   0.7587
9.8   1.5   0.06854   0.7725
9.81   1.55   0.07617   0.7871
9.82   1.6   0.08415   0.8023
9.83   1.65   0.09247   0.8183
9.84   1.7   0.1011   0.8349
9.85   1.75   0.1101   0.8522
9.86   1.8   0.1194   0.8702
9.87   1.85   0.129   0.8888
9.88   1.9   0.1389   0.908
9.89   1.95   0.1491   0.9279
9.9   2   0.1597   0.9483
9.91   2.05   0.1705   0.9693
9.92   2.1   0.1816   0.9909
9.93   2.15   0.1929   1.013
9.94   2.2   0.2046   1.036
9.95   2.25   0.2165   1.059
9.96   2.3   0.2287   1.083
9.97   2.35   0.2411   1.107
9.98   2.4   0.2538   1.132
9.99   2.45   0.2667   1.158
10   2.5   0.2798   1.183
10.01   2.45   0.2933   1.11
