#Premier Ordre :
#1 - Exemple 1
#2 - Circuit A
#3 - Circuit B
#Deuxième Ordre :
#4 - Exemple 2
#5 - Circuit C
#6 - Circuit D
#Choisir la source ?
#1 - Echelon
#2 - Porte
#3 - Carre
#4 - Triangle
#5 - Rampe f(t)=-3*t (Exemple1)
#6 - Nulle (Exemple 2)
#Valeur de R (Ohm) : 
#Valeur de L (Henry) : 
#Valeur de C (Farad) : 
#Temps   Entree   Sortie-Solution   Sinus(sol exact)   
0.01   5   0   0.01
0.02   5   0.0005   0.02
0.03   5   0.001495   0.03
0.04   5   0.00298   0.03999
0.05   5   0.00495   0.04998
0.06   5   0.0074   0.05996
0.07   5   0.01033   0.06994
0.08   5   0.01372   0.07991
0.09   5   0.01758   0.08988
0.1   5   0.0219   0.09983
0.11   5   0.02668   0.1098
0.12   5   0.0319   0.1197
0.13   5   0.03757   0.1296
0.14   5   0.04368   0.1395
0.15   5   0.05023   0.1494
0.16   5   0.0572   0.1593
0.17   5   0.0646   0.1692
0.18   5   0.07242   0.179
0.19   5   0.08066   0.1889
0.2   0   0.08931   0.1987
0.21   0   0.09836   0.2085
0.22   0   0.1073   0.2182
0.23   0   0.1162   0.228
0.24   0   0.1249   0.2377
0.25   0   0.1336   0.2474
0.26   0   0.1421   0.2571
0.27   0   0.1506   0.2667
0.28   0   0.1589   0.2764
0.29   0   0.1672   0.286
0.3   0   0.1754   0.2955
0.31   0   0.1834   0.3051
0.32   0   0.1914   0.3146
0.33   0   0.1993   0.324
0.34   0   0.207   0.3335
0.35   0   0.2147   0.3429
0.36   0   0.2223   0.3523
0.37   0   0.2298   0.3616
0.38   0   0.2371   0.3709
0.39   0   0.2444   0.3802
0.4   0   0.2516   0.3894
0.41   0   0.2587   0.3986
0.42   0   0.2657   0.4078
0.43   0   0.2726   0.4169
0.44   0   0.2794   0.4259
0.45   0   0.2861   0.435
0.46   0   0.2927   0.4439
0.47   0   0.2992   0.4529
0.48   0   0.3056   0.4618
0.49   0   0.312   0.4706
0.5   0   0.3182   0.4794
0.51   0   0.3244   0.4882
0.52   0   0.3304   0.4969
0.53   0   0.3364   0.5055
0.54   0   0.3422   0.5141
0.55   0   0.348   0.5227
0.56   0   0.3537   0.5312
0.57   0   0.3593   0.5396
0.58   0   0.3648   0.548
0.59   0   0.3702   0.5564
0.6   0   0.3755   0.5646
0.61   0   0.3807   0.5729
0.62   0   0.3858   0.581
0.63   0   0.3909   0.5891
0.64   0   0.3958   0.5972
0.65   0   0.4007   0.6052
0.66   0   0.4055   0.6131
0.67   0   0.4102   0.621
0.68   0   0.4148   0.6288
0.69   0   0.4193   0.6365
0.7   0   0.4237   0.6442
0.71   0   0.4281   0.6518
0.72   0   0.4323   0.6594
0.73   0   0.4365   0.6669
0.74   0   0.4406   0.6743
0.75   0   0.4446   0.6816
0.76   0   0.4485   0.6889
0.77   0   0.4523   0.6961
0.78   0   0.4561   0.7033
0.79   0   0.4598   0.7104
0.8   0   0.4633   0.7174
0.81   0   0.4669   0.7243
0.82   0   0.4703   0.7311
0.83   0   0.4736   0.7379
0.84   0   0.4769   0.7446
0.85   0   0.4801   0.7513
0.86   0   0.4832   0.7578
0.87   0   0.4862   0.7643
0.88   0   0.4891   0.7707
0.89   0   0.492   0.7771
0.9   0   0.4948   0.7833
0.91   0   0.4975   0.7895
0.92   0   0.5001   0.7956
0.93   0   0.5027   0.8016
0.94   0   0.5052   0.8076
0.95   0   0.5076   0.8134
0.96   0   0.5099   0.8192
0.97   0   0.5122   0.8249
0.98   0   0.5144   0.8305
0.99   0   0.5165   0.836
1   5   0.5185   0.8415
1.01   5   0.5205   0.8468
1.02   5   0.5229   0.8521
1.03   5   0.5257   0.8573
1.04   5   0.529   0.8624
1.05   5   0.5326   0.8674
1.06   5   0.5367   0.8724
1.07   5   0.5412   0.8772
1.08   5   0.546   0.882
1.09   5   0.5513   0.8866
1.1   5   0.557   0.8912
1.11   5   0.563   0.8957
1.12   5   0.5695   0.9001
1.13   5   0.5763   0.9044
1.14   5   0.5835   0.9086
1.15   5   0.591   0.9128
1.16   5   0.599   0.9168
1.17   5   0.6072   0.9208
1.18   5   0.6159   0.9246
1.19   5   0.6249   0.9284
1.2   5   0.6342   0.932
1.21   5   0.6439   0.9356
1.22   5   0.654   0.9391
1.23   5   0.6643   0.9425
1.24   5   0.675   0.9458
1.25   5   0.686   0.949
1.26   5   0.6974   0.9521
1.27   5   0.7091   0.9551
1.28   5   0.721   0.958
1.29   5   0.7333   0.9608
1.3   5   0.7459   0.9636
1.31   5   0.7588   0.9662
1.32   5   0.772   0.9687
1.33   5   0.7855   0.9711
1.34   5   0.7992   0.9735
1.35   5   0.8133   0.9757
1.36   5   0.8276   0.9779
1.37   5   0.8422   0.9799
1.38   5   0.8571   0.9819
1.39   5   0.8723   0.9837
1.4   5   0.8877   0.9854
1.41   5   0.9033   0.9871
1.42   5   0.9193   0.9887
1.43   5   0.9354   0.9901
1.44   5   0.9518   0.9915
1.45   5   0.9685   0.9927
1.46   5   0.9854   0.9939
1.47   5   1.003   0.9949
1.48   5   1.02   0.9959
1.49   5   1.037   0.9967
1.5   5   1.055   0.9975
1.51   5   1.073   0.9982
1.52   5   1.092   0.9987
1.53   5   1.11   0.9992
1.54   5   1.129   0.9995
1.55   5   1.148   0.9998
1.56   5   1.167   0.9999
1.57   5   1.186   1
1.58   5   1.205   1
1.59   5   1.225   0.9998
1.6   5   1.245   0.9996
1.61   5   1.265   0.9992
1.62   5   1.285   0.9988
1.63   5   1.305   0.9982
1.64   5   1.326   0.9976
1.65   5   1.346   0.9969
1.66   5   1.367   0.996
1.67   5   1.388   0.9951
1.68   5   1.409   0.994
1.69   5   1.431   0.9929
1.7   5   1.452   0.9917
1.71   5   1.474   0.9903
1.72   5   1.496   0.9889
1.73   5   1.517   0.9874
1.74   5   1.539   0.9857
1.75   5   1.561   0.984
1.76   5   1.584   0.9822
1.77   5   1.606   0.9802
1.78   5   1.629   0.9782
1.79   5   1.651   0.9761
1.8   5   1.674   0.9738
1.81   5   1.697   0.9715
1.82   5   1.72   0.9691
1.83   5   1.743   0.9666
1.84   5   1.766   0.964
1.85   5   1.789   0.9613
1.86   5   1.812   0.9585
1.87   5   1.836   0.9556
1.88   5   1.859   0.9526
1.89   5   1.883   0.9495
1.9   5   1.906   0.9463
1.91   5   1.93   0.943
1.92   5   1.954   0.9396
1.93   5   1.978   0.9362
1.94   5   2.002   0.9326
1.95   5   2.026   0.929
1.96   5   2.05   0.9252
1.97   5   2.074   0.9214
1.98   5   2.098   0.9174
1.99   5   2.122   0.9134
2   5   2.146   0.9093
2.01   5   2.171   0.9051
2.02   5   2.195   0.9008
2.03   5   2.219   0.8964
2.04   5   2.244   0.8919
2.05   5   2.268   0.8874
2.06   5   2.293   0.8827
2.07   5   2.317   0.878
2.08   5   2.342   0.8731
2.09   5   2.366   0.8682
2.1   5   2.391   0.8632
2.11   5   2.416   0.8581
2.12   5   2.44   0.8529
2.13   5   2.465   0.8477
2.14   5   2.489   0.8423
2.15   5   2.514   0.8369
2.16   5   2.539   0.8314
2.17   5   2.563   0.8258
2.18   5   2.588   0.8201
2.19   5   2.613   0.8143
2.2   5   2.637   0.8085
2.21   0   2.662   0.8026
2.22   0   2.687   0.7966
2.23   0   2.711   0.7905
2.24   0   2.734   0.7843
2.25   0   2.757   0.7781
2.26   0   2.78   0.7718
2.27   0   2.802   0.7654
2.28   0   2.824   0.7589
2.29   0   2.845   0.7523
2.3   0   2.865   0.7457
2.31   0   2.885   0.739
2.32   0   2.905   0.7322
2.33   0   2.924   0.7254
2.34   0   2.943   0.7185
2.35   0   2.961   0.7115
2.36   0   2.979   0.7044
2.37   0   2.996   0.6973
2.38   0   3.013   0.6901
2.39   0   3.029   0.6828
2.4   0   3.045   0.6755
2.41   0   3.06   0.6681
2.42   0   3.075   0.6606
2.43   0   3.09   0.653
2.44   0   3.104   0.6454
2.45   0   3.117   0.6378
2.46   0   3.13   0.63
2.47   0   3.143   0.6222
2.48   0   3.155   0.6144
2.49   0   3.167   0.6065
2.5   0   3.178   0.5985
2.51   0   3.189   0.5904
2.52   0   3.2   0.5823
2.53   0   3.21   0.5742
2.54   0   3.219   0.566
2.55   0   3.229   0.5577
2.56   0   3.237   0.5494
2.57   0   3.246   0.541
2.58   0   3.254   0.5325
2.59   0   3.261   0.524
2.6   0   3.269   0.5155
2.61   0   3.275   0.5069
2.62   0   3.282   0.4983
2.63   0   3.288   0.4896
2.64   0   3.293   0.4808
2.65   0   3.299   0.472
2.66   0   3.304   0.4632
2.67   0   3.308   0.4543
2.68   0   3.312   0.4454
2.69   0   3.316   0.4364
2.7   0   3.319   0.4274
2.71   0   3.322   0.4183
2.72   0   3.325   0.4092
2.73   0   3.327   0.4001
2.74   0   3.329   0.3909
2.75   0   3.331   0.3817
2.76   0   3.332   0.3724
2.77   0   3.333   0.3631
2.78   0   3.333   0.3538
2.79   0   3.333   0.3444
2.8   0   3.333   0.335
2.81   0   3.333   0.3255
2.82   0   3.332   0.3161
2.83   0   3.331   0.3066
2.84   0   3.329   0.297
2.85   0   3.328   0.2875
2.86   0   3.326   0.2779
2.87   0   3.323   0.2683
2.88   0   3.32   0.2586
2.89   0   3.317   0.2489
2.9   0   3.314   0.2392
2.91   0   3.311   0.2295
2.92   0   3.307   0.2198
2.93   0   3.302   0.21
2.94   0   3.298   0.2002
2.95   0   3.293   0.1904
2.96   0   3.288   0.1806
2.97   0   3.283   0.1708
2.98   0   3.277   0.1609
2.99   0   3.271   0.151
3   0   3.265   0.1411
3.01   5   3.259   0.1312
3.02   5   3.252   0.1213
3.03   5   3.246   0.1114
3.04   5   3.239   0.1014
3.05   5   3.233   0.09146
3.06   5   3.228   0.0815
3.07   5   3.222   0.07153
3.08   5   3.217   0.06155
3.09   5   3.212   0.05157
3.1   5   3.207   0.04158
3.11   5   3.203   0.03159
3.12   5   3.198   0.02159
3.13   5   3.194   0.01159
3.14   5   3.19   0.001593
3.15   5   3.187   -0.008407
3.16   5   3.183   -0.01841
3.17   5   3.18   -0.0284
3.18   5   3.177   -0.0384
3.19   5   3.174   -0.04839
3.2   5   3.171   -0.05837
3.21   5   3.169   -0.06835
3.22   5   3.167   -0.07833
3.23   5   3.165   -0.08829
3.24   5   3.163   -0.09825
3.25   5   3.161   -0.1082
3.26   5   3.16   -0.1181
3.27   5   3.159   -0.1281
3.28   5   3.158   -0.138
3.29   5   3.157   -0.1479
3.3   5   3.156   -0.1577
3.31   5   3.156   -0.1676
3.32   5   3.156   -0.1775
3.33   5   3.156   -0.1873
3.34   5   3.156   -0.1971
3.35   5   3.156   -0.2069
3.36   5   3.157   -0.2167
3.37   5   3.157   -0.2264
3.38   5   3.158   -0.2362
3.39   5   3.159   -0.2459
3.4   5   3.161   -0.2555
3.41   5   3.162   -0.2652
3.42   5   3.163   -0.2748
3.43   5   3.165   -0.2844
3.44   5   3.167   -0.294
3.45   5   3.169   -0.3035
3.46   5   3.171   -0.3131
3.47   5   3.174   -0.3225
3.48   5   3.176   -0.332
3.49   5   3.179   -0.3414
3.5   5   3.182   -0.3508
3.51   5   3.185   -0.3601
3.52   5   3.188   -0.3694
3.53   5   3.191   -0.3787
3.54   5   3.195   -0.388
3.55   5   3.198   -0.3971
3.56   5   3.202   -0.4063
3.57   5   3.206   -0.4154
3.58   5   3.21   -0.4245
3.59   5   3.214   -0.4335
3.6   5   3.218   -0.4425
3.61   5   3.223   -0.4515
3.62   5   3.227   -0.4604
3.63   5   3.232   -0.4692
3.64   5   3.237   -0.478
3.65   5   3.242   -0.4868
3.66   5   3.247   -0.4955
3.67   5   3.252   -0.5042
3.68   5   3.258   -0.5128
3.69   5   3.263   -0.5213
3.7   5   3.269   -0.5298
3.71   5   3.274   -0.5383
3.72   5   3.28   -0.5467
3.73   5   3.286   -0.555
3.74   5   3.292   -0.5633
3.75   5   3.298   -0.5716
3.76   5   3.305   -0.5797
3.77   5   3.311   -0.5879
3.78   5   3.317   -0.5959
3.79   5   3.324   -0.6039
3.8   5   3.331   -0.6119
3.81   5   3.337   -0.6197
3.82   5   3.344   -0.6276
3.83   5   3.351   -0.6353
3.84   5   3.358   -0.643
3.85   5   3.366   -0.6506
3.86   5   3.373   -0.6582
3.87   5   3.38   -0.6657
3.88   5   3.388   -0.6731
3.89   5   3.395   -0.6805
3.9   5   3.403   -0.6878
3.91   5   3.41   -0.695
3.92   5   3.418   -0.7021
3.93   5   3.426   -0.7092
3.94   5   3.434   -0.7162
3.95   5   3.442   -0.7232
3.96   5   3.45   -0.7301
3.97   5   3.458   -0.7369
3.98   5   3.467   -0.7436
3.99   5   3.475   -0.7502
4   5   3.483   -0.7568
4.01   5   3.492   -0.7633
4.02   5   3.5   -0.7697
4.03   5   3.509   -0.7761
4.04   5   3.518   -0.7823
4.05   5   3.526   -0.7885
4.06   5   3.535   -0.7946
4.07   5   3.544   -0.8007
4.08   5   3.553   -0.8066
4.09   5   3.562   -0.8125
4.1   5   3.571   -0.8183
4.11   5   3.58   -0.824
4.12   5   3.589   -0.8296
4.13   5   3.598   -0.8352
4.14   5   3.607   -0.8406
4.15   5   3.616   -0.846
4.16   5   3.626   -0.8513
4.17   5   3.635   -0.8565
4.18   5   3.645   -0.8616
4.19   5   3.654   -0.8666
4.2   5   3.663   -0.8716
4.21   0   3.673   -0.8764
4.22   0   3.683   -0.8812
4.23   0   3.692   -0.8859
4.24   0   3.7   -0.8905
4.25   0   3.708   -0.895
4.26   0   3.716   -0.8994
4.27   0   3.723   -0.9037
4.28   0   3.73   -0.908
4.29   0   3.737   -0.9121
4.3   0   3.743   -0.9162
4.31   0   3.748   -0.9201
4.32   0   3.753   -0.924
4.33   0   3.758   -0.9278
4.34   0   3.762   -0.9315
4.35   0   3.766   -0.9351
4.36   0   3.769   -0.9386
4.37   0   3.772   -0.942
4.38   0   3.775   -0.9453
4.39   0   3.777   -0.9485
4.4   0   3.779   -0.9516
4.41   0   3.78   -0.9546
4.42   0   3.781   -0.9576
4.43   0   3.782   -0.9604
4.44   0   3.782   -0.9631
4.45   0   3.782   -0.9658
4.46   0   3.782   -0.9683
4.47   0   3.781   -0.9708
4.48   0   3.779   -0.9731
4.49   0   3.778   -0.9754
4.5   0   3.776   -0.9775
4.51   0   3.773   -0.9796
4.52   0   3.771   -0.9816
4.53   0   3.768   -0.9834
4.54   0   3.764   -0.9852
4.55   0   3.761   -0.9868
4.56   0   3.757   -0.9884
4.57   0   3.752   -0.9899
4.58   0   3.747   -0.9912
4.59   0   3.742   -0.9925
4.6   0   3.737   -0.9937
4.61   0   3.731   -0.9948
4.62   0   3.725   -0.9957
4.63   0   3.719   -0.9966
4.64   0   3.712   -0.9974
4.65   0   3.705   -0.9981
4.66   0   3.698   -0.9986
4.67   0   3.69   -0.9991
4.68   0   3.682   -0.9995
4.69   0   3.674   -0.9997
4.7   0   3.666   -0.9999
4.71   0   3.657   -1
4.72   0   3.648   -1
4.73   0   3.639   -0.9998
4.74   0   3.629   -0.9996
4.75   0   3.62   -0.9993
4.76   0   3.609   -0.9989
4.77   0   3.599   -0.9983
4.78   0   3.588   -0.9977
4.79   0   3.578   -0.997
4.8   0   3.567   -0.9962
4.81   0   3.555   -0.9952
4.82   0   3.544   -0.9942
4.83   0   3.532   -0.9931
4.84   0   3.52   -0.9919
4.85   0   3.507   -0.9905
4.86   0   3.495   -0.9891
4.87   0   3.482   -0.9876
4.88   0   3.469   -0.986
4.89   0   3.456   -0.9843
4.9   0   3.443   -0.9825
4.91   0   3.429   -0.9805
4.92   0   3.415   -0.9785
4.93   0   3.401   -0.9764
4.94   0   3.387   -0.9742
4.95   0   3.372   -0.9719
4.96   0   3.358   -0.9695
4.97   0   3.343   -0.967
4.98   0   3.328   -0.9644
4.99   0   3.313   -0.9617
5   0   3.297   -0.9589
5.01   5   3.282   -0.956
5.02   5   3.266   -0.9531
5.03   5   3.251   -0.95
5.04   5   3.236   -0.9468
5.05   5   3.221   -0.9435
5.06   5   3.206   -0.9402
5.07   5   3.192   -0.9367
5.08   5   3.179   -0.9332
5.09   5   3.165   -0.9295
5.1   5   3.152   -0.9258
5.11   5   3.139   -0.922
5.12   5   3.127   -0.9181
5.13   5   3.114   -0.9141
5.14   5   3.103   -0.91
5.15   5   3.091   -0.9058
5.16   5   3.08   -0.9015
5.17   5   3.069   -0.8971
5.18   5   3.058   -0.8926
5.19   5   3.048   -0.8881
5.2   5   3.038   -0.8835
5.21   5   3.028   -0.8787
5.22   5   3.018   -0.8739
5.23   5   3.009   -0.869
5.24   5   3   -0.864
5.25   5   2.992   -0.8589
5.26   5   2.983   -0.8538
5.27   5   2.975   -0.8485
5.28   5   2.968   -0.8432
5.29   5   2.96   -0.8378
5.3   5   2.953   -0.8323
5.31   5   2.946   -0.8267
5.32   5   2.939   -0.821
5.33   5   2.933   -0.8153
5.34   5   2.927   -0.8094
5.35   5   2.921   -0.8035
5.36   5   2.915   -0.7975
5.37   5   2.91   -0.7915
5.38   5   2.905   -0.7853
5.39   5   2.9   -0.7791
5.4   5   2.896   -0.7728
5.41   5   2.891   -0.7664
5.42   5   2.887   -0.7599
5.43   5   2.884   -0.7534
5.44   5   2.88   -0.7468
5.45   5   2.877   -0.7401
5.46   5   2.874   -0.7333
5.47   5   2.871   -0.7265
5.48   5   2.868   -0.7196
5.49   5   2.866   -0.7126
5.5   5   2.864   -0.7055
5.51   5   2.862   -0.6984
5.52   5   2.861   -0.6912
5.53   5   2.859   -0.684
5.54   5   2.858   -0.6766
5.55   5   2.857   -0.6692
5.56   5   2.856   -0.6618
5.57   5   2.856   -0.6542
5.58   5   2.856   -0.6467
5.59   5   2.856   -0.639
5.6   5   2.856   -0.6313
5.61   5   2.856   -0.6235
5.62   5   2.857   -0.6156
5.63   5   2.858   -0.6077
5.64   5   2.859   -0.5997
5.65   5   2.86   -0.5917
5.66   5   2.861   -0.5836
5.67   5   2.863   -0.5755
5.68   5   2.865   -0.5673
5.69   5   2.867   -0.559
5.7   5   2.869   -0.5507
5.71   5   2.871   -0.5423
5.72   5   2.874   -0.5339
5.73   5   2.876   -0.5254
5.74   5   2.879   -0.5169
5.75   5   2.883   -0.5083
5.76   5   2.886   -0.4996
5.77   5   2.889   -0.491
5.78   5   2.893   -0.4822
5.79   5   2.897   -0.4734
5.8   5   2.901   -0.4646
5.81   5   2.905   -0.4557
5.82   5   2.909   -0.4468
5.83   5   2.914   -0.4378
5.84   5   2.919   -0.4288
5.85   5   2.924   -0.4198
5.86   5   2.929   -0.4107
5.87   5   2.934   -0.4015
5.88   5   2.939   -0.3924
5.89   5   2.944   -0.3831
5.9   5   2.95   -0.3739
5.91   5   2.956   -0.3646
5.92   5   2.962   -0.3553
5.93   5   2.968   -0.3459
5.94   5   2.974   -0.3365
5.95   5   2.98   -0.3271
5.96   5   2.987   -0.3176
5.97   5   2.994   -0.3081
5.98   5   3   -0.2986
5.99   5   3.007   -0.289
6   5   3.014   -0.2794
6.01   5   3.021   -0.2698
6.02   5   3.029   -0.2602
6.03   5   3.036   -0.2505
6.04   5   3.044   -0.2408
6.05   5   3.051   -0.2311
6.06   5   3.059   -0.2213
6.07   5   3.067   -0.2116
6.08   5   3.075   -0.2018
6.09   5   3.083   -0.192
6.1   5   3.091   -0.1822
6.11   5   3.1   -0.1723
6.12   5   3.108   -0.1625
6.13   5   3.117   -0.1526
6.14   5   3.125   -0.1427
6.15   5   3.134   -0.1328
6.16   5   3.143   -0.1229
6.17   5   3.152   -0.1129
6.18   5   3.161   -0.103
6.19   5   3.17   -0.09305
6.2   5   3.179   -0.08309
6.21   0   3.189   -0.07312
6.22   0   3.198   -0.06314
6.23   0   3.207   -0.05316
6.24   0   3.216   -0.04317
6.25   0   3.224   -0.03318
6.26   0   3.232   -0.02318
6.27   0   3.239   -0.01318
6.28   0   3.246   -0.003185
6.29   0   3.252   0.006815
6.3   0   3.259   0.01681
6.31   0   3.265   0.02681
6.32   0   3.27   0.03681
6.33   0   3.275   0.0468
6.34   0   3.28   0.05678
6.35   0   3.284   0.06676
6.36   0   3.288   0.07674
6.37   0   3.291   0.08671
6.38   0   3.295   0.09666
6.39   0   3.297   0.1066
6.4   0   3.3   0.1165
6.41   0   3.302   0.1265
6.42   0   3.304   0.1364
6.43   0   3.305   0.1463
6.44   0   3.306   0.1562
6.45   0   3.307   0.166
6.46   0   3.307   0.1759
6.47   0   3.308   0.1857
6.48   0   3.307   0.1955
6.49   0   3.307   0.2053
6.5   0   3.306   0.2151
6.51   0   3.304   0.2249
6.52   0   3.303   0.2346
6.53   0   3.301   0.2443
6.54   0   3.299   0.254
6.55   0   3.296   0.2637
6.56   0   3.294   0.2733
6.57   0   3.29   0.2829
6.58   0   3.287   0.2925
6.59   0   3.283   0.302
6.6   0   3.279   0.3115
6.61   0   3.275   0.321
6.62   0   3.271   0.3305
6.63   0   3.266   0.3399
6.64   0   3.261   0.3493
6.65   0   3.255   0.3586
6.66   0   3.25   0.368
6.67   0   3.244   0.3772
6.68   0   3.237   0.3865
6.69   0   3.231   0.3957
6.7   0   3.224   0.4048
6.71   0   3.217   0.414
6.72   0   3.21   0.4231
6.73   0   3.203   0.4321
6.74   0   3.195   0.4411
6.75   0   3.187   0.45
6.76   0   3.179   0.459
6.77   0   3.17   0.4678
6.78   0   3.161   0.4766
6.79   0   3.153   0.4854
6.8   0   3.143   0.4941
6.81   0   3.134   0.5028
6.82   0   3.124   0.5114
6.83   0   3.115   0.52
6.84   0   3.105   0.5285
6.85   0   3.094   0.5369
6.86   0   3.084   0.5454
6.87   0   3.073   0.5537
6.88   0   3.063   0.562
6.89   0   3.051   0.5703
6.9   0   3.04   0.5784
6.91   0   3.029   0.5866
6.92   0   3.017   0.5946
6.93   0   3.005   0.6026
6.94   0   2.993   0.6106
6.95   0   2.981   0.6185
6.96   0   2.969   0.6263
6.97   0   2.956   0.6341
6.98   0   2.944   0.6418
6.99   0   2.931   0.6494
7   0   2.918   0.657
7.01   5   2.905   0.6645
7.02   5   2.891   0.6719
7.03   5   2.878   0.6793
7.04   5   2.866   0.6866
7.05   5   2.853   0.6938
7.06   5   2.841   0.701
7.07   5   2.83   0.7081
7.08   5   2.818   0.7151
7.09   5   2.807   0.7221
7.1   5   2.797   0.729
7.11   5   2.786   0.7358
7.12   5   2.776   0.7425
7.13   5   2.767   0.7492
7.14   5   2.757   0.7558
7.15   5   2.748   0.7623
7.16   5   2.739   0.7687
7.17   5   2.731   0.7751
7.18   5   2.723   0.7813
7.19   5   2.715   0.7875
7.2   5   2.707   0.7937
7.21   5   2.7   0.7997
7.22   5   2.693   0.8057
7.23   5   2.687   0.8116
7.24   5   2.68   0.8174
7.25   5   2.674   0.8231
7.26   5   2.669   0.8287
7.27   5   2.663   0.8343
7.28   5   2.658   0.8397
7.29   5   2.653   0.8451
7.3   5   2.649   0.8504
7.31   5   2.644   0.8557
7.32   5   2.64   0.8608
7.33   5   2.637   0.8658
7.34   5   2.633   0.8708
7.35   5   2.63   0.8757
7.36   5   2.627   0.8805
7.37   5   2.624   0.8851
7.38   5   2.622   0.8898
7.39   5   2.62   0.8943
7.4   5   2.618   0.8987
7.41   5   2.616   0.903
7.42   5   2.615   0.9073
7.43   5   2.614   0.9115
7.44   5   2.613   0.9155
7.45   5   2.612   0.9195
7.46   5   2.612   0.9234
7.47   5   2.612   0.9272
7.48   5   2.612   0.9309
7.49   5   2.612   0.9345
7.5   5   2.613   0.938
7.51   5   2.614   0.9414
7.52   5   2.615   0.9447
7.53   5   2.616   0.948
7.54   5   2.618   0.9511
7.55   5   2.619   0.9542
7.56   5   2.621   0.9571
7.57   5   2.623   0.9599
7.58   5   2.626   0.9627
7.59   5   2.628   0.9654
7.6   5   2.631   0.9679
7.61   5   2.634   0.9704
7.62   5   2.638   0.9728
7.63   5   2.641   0.975
7.64   5   2.645   0.9772
7.65   5   2.648   0.9793
7.66   5   2.652   0.9812
7.67   5   2.657   0.9831
7.68   5   2.661   0.9849
7.69   5   2.666   0.9866
7.7   5   2.67   0.9882
7.71   5   2.675   0.9897
7.72   5   2.681   0.991
7.73   5   2.686   0.9923
7.74   5   2.691   0.9935
7.75   5   2.697   0.9946
7.76   5   2.703   0.9956
7.77   5   2.709   0.9965
7.78   5   2.715   0.9973
7.79   5   2.722   0.998
7.8   5   2.728   0.9985
7.81   5   2.735   0.999
7.82   5   2.742   0.9994
7.83   5   2.749   0.9997
7.84   5   2.756   0.9999
7.85   5   2.763   1
7.86   5   2.771   1
7.87   5   2.778   0.9999
7.88   5   2.786   0.9997
7.89   5   2.794   0.9994
7.9   5   2.802   0.9989
7.91   5   2.81   0.9984
7.92   5   2.819   0.9978
7.93   5   2.827   0.9971
7.94   5   2.836   0.9963
7.95   5   2.845   0.9954
7.96   5   2.853   0.9944
7.97   5   2.862   0.9933
7.98   5   2.871   0.9921
7.99   5   2.881   0.9908
8   5   2.89   0.9894
8.01   5   2.9   0.9879
8.02   5   2.909   0.9863
8.03   5   2.919   0.9845
8.04   5   2.929   0.9827
8.05   5   2.939   0.9808
8.06   5   2.949   0.9789
8.07   5   2.959   0.9768
8.08   5   2.969   0.9746
8.09   5   2.979   0.9723
8.1   5   2.99   0.9699
8.11   5   3   0.9674
8.12   5   3.011   0.9648
8.13   5   3.022   0.9621
8.14   5   3.033   0.9594
8.15   5   3.044   0.9565
8.16   5   3.055   0.9535
8.17   5   3.066   0.9505
8.18   5   3.077   0.9473
8.19   5   3.088   0.9441
8.2   5   3.099   0.9407
8.21   0   3.111   0.9373
8.22   0   3.122   0.9338
8.23   0   3.133   0.9301
8.24   0   3.144   0.9264
8.25   0   3.154   0.9226
8.26   0   3.164   0.9187
8.27   0   3.174   0.9147
8.28   0   3.183   0.9106
8.29   0   3.191   0.9064
8.3   0   3.199   0.9022
8.31   0   3.207   0.8978
8.32   0   3.214   0.8934
8.33   0   3.221   0.8888
8.34   0   3.228   0.8842
8.35   0   3.234   0.8795
8.36   0   3.24   0.8747
8.37   0   3.245   0.8698
8.38   0   3.25   0.8648
8.39   0   3.255   0.8597
8.4   0   3.259   0.8546
8.41   0   3.263   0.8494
8.42   0   3.267   0.844
8.43   0   3.27   0.8386
8.44   0   3.273   0.8331
8.45   0   3.276   0.8276
8.46   0   3.278   0.8219
8.47   0   3.279   0.8162
8.48   0   3.281   0.8104
8.49   0   3.282   0.8045
8.5   0   3.283   0.7985
8.51   0   3.283   0.7924
8.52   0   3.283   0.7863
8.53   0   3.283   0.7801
8.54   0   3.283   0.7738
8.55   0   3.282   0.7674
8.56   0   3.281   0.761
8.57   0   3.279   0.7544
8.58   0   3.277   0.7478
8.59   0   3.275   0.7411
8.6   0   3.273   0.7344
8.61   0   3.27   0.7276
8.62   0   3.267   0.7207
8.63   0   3.263   0.7137
8.64   0   3.26   0.7067
8.65   0   3.256   0.6996
8.66   0   3.252   0.6924
8.67   0   3.247   0.6851
8.68   0   3.242   0.6778
8.69   0   3.237   0.6704
8.7   0   3.232   0.663
8.71   0   3.226   0.6554
8.72   0   3.221   0.6479
8.73   0   3.214   0.6402
8.74   0   3.208   0.6325
8.75   0   3.201   0.6247
8.76   0   3.195   0.6169
8.77   0   3.187   0.609
8.78   0   3.18   0.601
8.79   0   3.172   0.593
8.8   0   3.164   0.5849
8.81   0   3.156   0.5768
8.82   0   3.148   0.5686
8.83   0   3.139   0.5603
8.84   0   3.131   0.552
8.85   0   3.122   0.5436
8.86   0   3.112   0.5352
8.87   0   3.103   0.5268
8.88   0   3.093   0.5182
8.89   0   3.083   0.5097
8.9   0   3.073   0.501
8.91   0   3.063   0.4923
8.92   0   3.052   0.4836
8.93   0   3.041   0.4748
8.94   0   3.03   0.466
8.95   0   3.019   0.4571
8.96   0   3.008   0.4482
8.97   0   2.996   0.4393
8.98   0   2.985   0.4303
8.99   0   2.973   0.4212
9   0   2.961   0.4121
9.01   5   2.949   0.403
9.02   5   2.936   0.3938
9.03   5   2.924   0.3846
9.04   5   2.912   0.3754
9.05   5   2.901   0.3661
9.06   5   2.89   0.3567
9.07   5   2.879   0.3474
9.08   5   2.869   0.338
9.09   5   2.858   0.3286
9.1   5   2.849   0.3191
9.11   5   2.839   0.3096
9.12   5   2.83   0.3001
9.13   5   2.821   0.2905
9.14   5   2.812   0.2809
9.15   5   2.804   0.2713
9.16   5   2.796   0.2617
9.17   5   2.788   0.252
9.18   5   2.781   0.2423
9.19   5   2.774   0.2326
9.2   5   2.767   0.2229
9.21   5   2.761   0.2131
9.22   5   2.754   0.2033
9.23   5   2.748   0.1935
9.24   5   2.743   0.1837
9.25   5   2.737   0.1739
9.26   5   2.732   0.164
9.27   5   2.727   0.1542
9.28   5   2.723   0.1443
9.29   5   2.719   0.1344
9.3   5   2.715   0.1245
9.31   5   2.711   0.1145
9.32   5   2.707   0.1046
9.33   5   2.704   0.09464
9.34   5   2.701   0.08468
9.35   5   2.699   0.07471
9.36   5   2.696   0.06473
9.37   5   2.694   0.05475
9.38   5   2.692   0.04476
9.39   5   2.69   0.03477
9.4   5   2.689   0.02478
9.41   5   2.688   0.01478
9.42   5   2.687   0.004778
9.43   5   2.686   -0.005222
9.44   5   2.686   -0.01522
9.45   5   2.685   -0.02522
9.46   5   2.685   -0.03521
9.47   5   2.686   -0.04521
9.48   5   2.686   -0.05519
9.49   5   2.687   -0.06518
9.5   5   2.688   -0.07515
9.51   5   2.689   -0.08512
9.52   5   2.69   -0.09508
9.53   5   2.692   -0.105
9.54   5   2.694   -0.115
9.55   5   2.696   -0.1249
9.56   5   2.698   -0.1348
9.57   5   2.7   -0.1447
9.58   5   2.703   -0.1546
9.59   5   2.706   -0.1645
9.6   5   2.709   -0.1743
9.61   5   2.712   -0.1842
9.62   5   2.716   -0.194
9.63   5   2.719   -0.2038
9.64   5   2.723   -0.2136
9.65   5   2.727   -0.2233
9.66   5   2.731   -0.2331
9.67   5   2.736   -0.2428
9.68   5   2.74   -0.2525
9.69   5   2.745   -0.2621
9.7   5   2.75   -0.2718
9.71   5   2.755   -0.2814
9.72   5   2.76   -0.291
9.73   5   2.766   -0.3005
9.74   5   2.771   -0.31
9.75   5   2.777   -0.3195
9.76   5   2.783   -0.329
9.77   5   2.789   -0.3384
9.78   5   2.795   -0.3478
9.79   5   2.802   -0.3572
9.8   5   2.809   -0.3665
9.81   5   2.815   -0.3758
9.82   5   2.822   -0.385
9.83   5   2.829   -0.3942
9.84   5   2.836   -0.4034
9.85   5   2.844   -0.4125
9.86   5   2.851   -0.4216
9.87   5   2.859   -0.4307
9.88   5   2.867   -0.4397
9.89   5   2.874   -0.4486
9.9   5   2.883   -0.4575
9.91   5   2.891   -0.4664
9.92   5   2.899   -0.4752
9.93   5   2.907   -0.484
9.94   5   2.916   -0.4927
9.95   5   2.925   -0.5014
9.96   5   2.933   -0.51
9.97   5   2.942   -0.5186
9.98   5   2.951   -0.5271
9.99   5   2.96   -0.5356
10   5   2.97   -0.544
10.01   5   2.979   -0.5524
