#Premier Ordre :
#1 - Exemple 1
#2 - Circuit A
#3 - Circuit B
#Deuxième Ordre :
#4 - Exemple 2
#5 - Circuit C
#6 - Circuit D
#Choisir la source ?
#1 - Echelon
#2 - Porte
#3 - Carre
#4 - Triangle
#5 - Rampe f(t)=-3*t (Exemple1)
#6 - Nulle (Exemple 2)
#Valeur de R (Ohm) : 
#Valeur de L (Henry) : 
#Valeur de C (Farad) : 
#Temps   Entree   Sortie-Solution   Sinus(sol exact)   
0.01   0   0   0.01
0.02   0   0   0.02
0.03   0   0   0.03
0.04   0   0   0.03999
0.05   0   0   0.04998
0.06   0   0   0.05996
0.07   0   0   0.06994
0.08   0   0   0.07991
0.09   0   0   0.08988
0.1   0   0   0.09983
0.11   0   0   0.1098
0.12   0   0   0.1197
0.13   0   0   0.1296
0.14   0   0   0.1395
0.15   0   0   0.1494
0.16   0   0   0.1593
0.17   0   0   0.1692
0.18   0   0   0.179
0.19   0   0   0.1889
0.2   0   0   0.1987
0.21   0   0   0.2085
0.22   0   0   0.2182
0.23   0   0   0.228
0.24   0   0   0.2377
0.25   0   0   0.2474
0.26   0   0   0.2571
0.27   0   0   0.2667
0.28   0   0   0.2764
0.29   0   0   0.286
0.3   0   0   0.2955
0.31   0   0   0.3051
0.32   0   0   0.3146
0.33   0   0   0.324
0.34   0   0   0.3335
0.35   0   0   0.3429
0.36   0   0   0.3523
0.37   0   0   0.3616
0.38   0   0   0.3709
0.39   0   0   0.3802
0.4   0   0   0.3894
0.41   0   0   0.3986
0.42   0   0   0.4078
0.43   0   0   0.4169
0.44   0   0   0.4259
0.45   0   0   0.435
0.46   0   0   0.4439
0.47   0   0   0.4529
0.48   0   0   0.4618
0.49   0   0   0.4706
0.5   0   0   0.4794
0.51   0   0   0.4882
0.52   0   0   0.4969
0.53   0   0   0.5055
0.54   0   0   0.5141
0.55   0   0   0.5227
0.56   0   0   0.5312
0.57   0   0   0.5396
0.58   0   0   0.548
0.59   0   0   0.5564
0.6   0   0   0.5646
0.61   0   0   0.5729
0.62   0   0   0.581
0.63   0   0   0.5891
0.64   0   0   0.5972
0.65   0   0   0.6052
0.66   0   0   0.6131
0.67   0   0   0.621
0.68   0   0   0.6288
0.69   0   0   0.6365
0.7   0   0   0.6442
0.71   0   0   0.6518
0.72   0   0   0.6594
0.73   0   0   0.6669
0.74   0   0   0.6743
0.75   0   0   0.6816
0.76   0   0   0.6889
0.77   0   0   0.6961
0.78   0   0   0.7033
0.79   0   0   0.7104
0.8   0   0   0.7174
0.81   0   0   0.7243
0.82   0   0   0.7311
0.83   0   0   0.7379
0.84   0   0   0.7446
0.85   0   0   0.7513
0.86   0   0   0.7578
0.87   0   0   0.7643
0.88   0   0   0.7707
0.89   0   0   0.7771
0.9   0   0   0.7833
0.91   0   0   0.7895
0.92   0   0   0.7956
0.93   0   0   0.8016
0.94   0   0   0.8076
0.95   0   0   0.8134
0.96   0   0   0.8192
0.97   0   0   0.8249
0.98   0   0   0.8305
0.99   0   0   0.836
1   5   0   0.8415
1.01   5   0   0.8468
1.02   5   0.0005   0.8521
1.03   5   0.001495   0.8573
1.04   5   0.00298   0.8624
1.05   5   0.00495   0.8674
1.06   5   0.0074   0.8724
1.07   5   0.01033   0.8772
1.08   5   0.01372   0.882
1.09   5   0.01758   0.8866
1.1   5   0.0219   0.8912
1.11   5   0.02668   0.8957
1.12   5   0.0319   0.9001
1.13   5   0.03757   0.9044
1.14   5   0.04368   0.9086
1.15   5   0.05023   0.9128
1.16   5   0.0572   0.9168
1.17   5   0.0646   0.9208
1.18   5   0.07242   0.9246
1.19   5   0.08066   0.9284
1.2   5   0.08931   0.932
1.21   5   0.09836   0.9356
1.22   5   0.1078   0.9391
1.23   5   0.1177   0.9425
1.24   5   0.1279   0.9458
1.25   5   0.1385   0.949
1.26   5   0.1495   0.9521
1.27   5   0.1609   0.9551
1.28   5   0.1727   0.958
1.29   5   0.1848   0.9608
1.3   5   0.1973   0.9636
1.31   5   0.2101   0.9662
1.32   5   0.2233   0.9687
1.33   5   0.2368   0.9711
1.34   5   0.2507   0.9735
1.35   5   0.2649   0.9757
1.36   5   0.2795   0.9779
1.37   5   0.2944   0.9799
1.38   5   0.3096   0.9819
1.39   5   0.3251   0.9837
1.4   5   0.3409   0.9854
1.41   5   0.3571   0.9871
1.42   5   0.3735   0.9887
1.43   5   0.3902   0.9901
1.44   5   0.4073   0.9915
1.45   5   0.4246   0.9927
1.46   5   0.4422   0.9939
1.47   5   0.4601   0.9949
1.48   5   0.4783   0.9959
1.49   5   0.4968   0.9967
1.5   5   0.5155   0.9975
1.51   5   0.5345   0.9982
1.52   5   0.5537   0.9987
1.53   5   0.5732   0.9992
1.54   5   0.5929   0.9995
1.55   5   0.6129   0.9998
1.56   5   0.6331   0.9999
1.57   5   0.6536   1
1.58   5   0.6743   1
1.59   5   0.6952   0.9998
1.6   5   0.7164   0.9996
1.61   5   0.7377   0.9992
1.62   5   0.7593   0.9988
1.63   5   0.7811   0.9982
1.64   5   0.8031   0.9976
1.65   5   0.8253   0.9969
1.66   5   0.8477   0.996
1.67   5   0.8703   0.9951
1.68   5   0.8931   0.994
1.69   5   0.9161   0.9929
1.7   5   0.9392   0.9917
1.71   5   0.9625   0.9903
1.72   5   0.986   0.9889
1.73   5   1.01   0.9874
1.74   5   1.034   0.9857
1.75   5   1.058   0.984
1.76   5   1.082   0.9822
1.77   5   1.106   0.9802
1.78   5   1.13   0.9782
1.79   5   1.155   0.9761
1.8   5   1.18   0.9738
1.81   5   1.205   0.9715
1.82   5   1.23   0.9691
1.83   5   1.255   0.9666
1.84   5   1.28   0.964
1.85   5   1.305   0.9613
1.86   5   1.331   0.9585
1.87   5   1.357   0.9556
1.88   5   1.382   0.9526
1.89   5   1.408   0.9495
1.9   5   1.434   0.9463
1.91   5   1.46   0.943
1.92   5   1.486   0.9396
1.93   5   1.512   0.9362
1.94   5   1.539   0.9326
1.95   5   1.565   0.929
1.96   5   1.592   0.9252
1.97   5   1.618   0.9214
1.98   5   1.645   0.9174
1.99   5   1.671   0.9134
2   5   1.698   0.9093
2.01   5   1.725   0.9051
2.02   5   1.752   0.9008
2.03   5   1.779   0.8964
2.04   5   1.806   0.8919
2.05   5   1.833   0.8874
2.06   5   1.86   0.8827
2.07   5   1.887   0.878
2.08   5   1.915   0.8731
2.09   5   1.942   0.8682
2.1   5   1.969   0.8632
2.11   5   1.996   0.8581
2.12   5   2.024   0.8529
2.13   5   2.051   0.8477
2.14   5   2.078   0.8423
2.15   5   2.106   0.8369
2.16   5   2.133   0.8314
2.17   5   2.161   0.8258
2.18   5   2.188   0.8201
2.19   5   2.216   0.8143
2.2   5   2.243   0.8085
2.21   5   2.271   0.8026
2.22   5   2.298   0.7966
2.23   5   2.326   0.7905
2.24   5   2.353   0.7843
2.25   5   2.381   0.7781
2.26   5   2.408   0.7718
2.27   5   2.435   0.7654
2.28   5   2.463   0.7589
2.29   5   2.49   0.7523
2.3   5   2.518   0.7457
2.31   5   2.545   0.739
2.32   5   2.572   0.7322
2.33   5   2.6   0.7254
2.34   5   2.627   0.7185
2.35   5   2.654   0.7115
2.36   5   2.681   0.7044
2.37   5   2.709   0.6973
2.38   5   2.736   0.6901
2.39   5   2.763   0.6828
2.4   5   2.79   0.6755
2.41   5   2.817   0.6681
2.42   5   2.844   0.6606
2.43   5   2.871   0.653
2.44   5   2.898   0.6454
2.45   5   2.924   0.6378
2.46   5   2.951   0.63
2.47   5   2.978   0.6222
2.48   5   3.004   0.6144
2.49   5   3.031   0.6065
2.5   5   3.058   0.5985
2.51   5   3.084   0.5904
2.52   5   3.11   0.5823
2.53   5   3.137   0.5742
2.54   5   3.163   0.566
2.55   5   3.189   0.5577
2.56   5   3.215   0.5494
2.57   5   3.241   0.541
2.58   5   3.267   0.5325
2.59   5   3.293   0.524
2.6   5   3.318   0.5155
2.61   5   3.344   0.5069
2.62   5   3.37   0.4983
2.63   5   3.395   0.4896
2.64   5   3.42   0.4808
2.65   5   3.446   0.472
2.66   5   3.471   0.4632
2.67   5   3.496   0.4543
2.68   5   3.521   0.4454
2.69   5   3.546   0.4364
2.7   5   3.571   0.4274
2.71   5   3.595   0.4183
2.72   5   3.62   0.4092
2.73   5   3.644   0.4001
2.74   5   3.669   0.3909
2.75   5   3.693   0.3817
2.76   5   3.717   0.3724
2.77   5   3.741   0.3631
2.78   5   3.765   0.3538
2.79   5   3.789   0.3444
2.8   5   3.812   0.335
2.81   5   3.836   0.3255
2.82   5   3.86   0.3161
2.83   5   3.883   0.3066
2.84   5   3.906   0.297
2.85   5   3.929   0.2875
2.86   5   3.952   0.2779
2.87   5   3.975   0.2683
2.88   5   3.998   0.2586
2.89   5   4.02   0.2489
2.9   5   4.043   0.2392
2.91   5   4.065   0.2295
2.92   5   4.087   0.2198
2.93   5   4.11   0.21
2.94   5   4.132   0.2002
2.95   5   4.153   0.1904
2.96   5   4.175   0.1806
2.97   5   4.197   0.1708
2.98   5   4.218   0.1609
2.99   5   4.239   0.151
3   5   4.261   0.1411
3.01   0   4.282   0.1312
3.02   0   4.303   0.1213
3.03   0   4.323   0.1114
3.04   0   4.342   0.1014
3.05   0   4.361   0.09146
3.06   0   4.38   0.0815
3.07   0   4.398   0.07153
3.08   0   4.415   0.06155
3.09   0   4.431   0.05157
3.1   0   4.447   0.04158
3.11   0   4.463   0.03159
3.12   0   4.477   0.02159
3.13   0   4.491   0.01159
3.14   0   4.505   0.001593
3.15   0   4.518   -0.008407
3.16   0   4.53   -0.01841
3.17   0   4.542   -0.0284
3.18   0   4.553   -0.0384
3.19   0   4.564   -0.04839
3.2   0   4.574   -0.05837
3.21   0   4.584   -0.06835
3.22   0   4.593   -0.07833
3.23   0   4.601   -0.08829
3.24   0   4.609   -0.09825
3.25   0   4.616   -0.1082
3.26   0   4.623   -0.1181
3.27   0   4.629   -0.1281
3.28   0   4.635   -0.138
3.29   0   4.64   -0.1479
3.3   0   4.645   -0.1577
3.31   0   4.649   -0.1676
3.32   0   4.653   -0.1775
3.33   0   4.656   -0.1873
3.34   0   4.659   -0.1971
3.35   0   4.661   -0.2069
3.36   0   4.663   -0.2167
3.37   0   4.664   -0.2264
3.38   0   4.665   -0.2362
3.39   0   4.665   -0.2459
3.4   0   4.665   -0.2555
3.41   0   4.665   -0.2652
3.42   0   4.663   -0.2748
3.43   0   4.662   -0.2844
3.44   0   4.66   -0.294
3.45   0   4.658   -0.3035
3.46   0   4.655   -0.3131
3.47   0   4.651   -0.3225
3.48   0   4.648   -0.332
3.49   0   4.643   -0.3414
3.5   0   4.639   -0.3508
3.51   0   4.634   -0.3601
3.52   0   4.628   -0.3694
3.53   0   4.622   -0.3787
3.54   0   4.616   -0.388
3.55   0   4.61   -0.3971
3.56   0   4.602   -0.4063
3.57   0   4.595   -0.4154
3.58   0   4.587   -0.4245
3.59   0   4.579   -0.4335
3.6   0   4.57   -0.4425
3.61   0   4.561   -0.4515
3.62   0   4.552   -0.4604
3.63   0   4.542   -0.4692
3.64   0   4.532   -0.478
3.65   0   4.522   -0.4868
3.66   0   4.511   -0.4955
3.67   0   4.5   -0.5042
3.68   0   4.489   -0.5128
3.69   0   4.477   -0.5213
3.7   0   4.465   -0.5298
3.71   0   4.452   -0.5383
3.72   0   4.44   -0.5467
3.73   0   4.427   -0.555
3.74   0   4.413   -0.5633
3.75   0   4.4   -0.5716
3.76   0   4.386   -0.5797
3.77   0   4.371   -0.5879
3.78   0   4.357   -0.5959
3.79   0   4.342   -0.6039
3.8   0   4.327   -0.6119
3.81   0   4.311   -0.6197
3.82   0   4.296   -0.6276
3.83   0   4.28   -0.6353
3.84   0   4.263   -0.643
3.85   0   4.247   -0.6506
3.86   0   4.23   -0.6582
3.87   0   4.213   -0.6657
3.88   0   4.196   -0.6731
3.89   0   4.178   -0.6805
3.9   0   4.16   -0.6878
3.91   0   4.142   -0.695
3.92   0   4.124   -0.7021
3.93   0   4.105   -0.7092
3.94   0   4.087   -0.7162
3.95   0   4.068   -0.7232
3.96   0   4.049   -0.7301
3.97   0   4.029   -0.7369
3.98   0   4.01   -0.7436
3.99   0   3.99   -0.7502
4   0   3.97   -0.7568
4.01   0   3.95   -0.7633
4.02   0   3.929   -0.7697
4.03   0   3.909   -0.7761
4.04   0   3.888   -0.7823
4.05   0   3.867   -0.7885
4.06   0   3.846   -0.7946
4.07   0   3.824   -0.8007
4.08   0   3.803   -0.8066
4.09   0   3.781   -0.8125
4.1   0   3.759   -0.8183
4.11   0   3.737   -0.824
4.12   0   3.715   -0.8296
4.13   0   3.693   -0.8352
4.14   0   3.671   -0.8406
4.15   0   3.648   -0.846
4.16   0   3.625   -0.8513
4.17   0   3.602   -0.8565
4.18   0   3.579   -0.8616
4.19   0   3.556   -0.8666
4.2   0   3.533   -0.8716
4.21   0   3.51   -0.8764
4.22   0   3.486   -0.8812
4.23   0   3.462   -0.8859
4.24   0   3.439   -0.8905
4.25   0   3.415   -0.895
4.26   0   3.391   -0.8994
4.27   0   3.367   -0.9037
4.28   0   3.343   -0.908
4.29   0   3.319   -0.9121
4.3   0   3.294   -0.9162
4.31   0   3.27   -0.9201
4.32   0   3.245   -0.924
4.33   0   3.221   -0.9278
4.34   0   3.196   -0.9315
4.35   0   3.171   -0.9351
4.36   0   3.147   -0.9386
4.37   0   3.122   -0.942
4.38   0   3.097   -0.9453
4.39   0   3.072   -0.9485
4.4   0   3.047   -0.9516
4.41   0   3.022   -0.9546
4.42   0   2.996   -0.9576
4.43   0   2.971   -0.9604
4.44   0   2.946   -0.9631
4.45   0   2.921   -0.9658
4.46   0   2.895   -0.9683
4.47   0   2.87   -0.9708
4.48   0   2.844   -0.9731
4.49   0   2.819   -0.9754
4.5   0   2.793   -0.9775
4.51   0   2.768   -0.9796
4.52   0   2.742   -0.9816
4.53   0   2.717   -0.9834
4.54   0   2.691   -0.9852
4.55   0   2.666   -0.9868
4.56   0   2.64   -0.9884
4.57   0   2.614   -0.9899
4.58   0   2.589   -0.9912
4.59   0   2.563   -0.9925
4.6   0   2.537   -0.9937
4.61   0   2.512   -0.9948
4.62   0   2.486   -0.9957
4.63   0   2.46   -0.9966
4.64   0   2.435   -0.9974
4.65   0   2.409   -0.9981
4.66   0   2.384   -0.9986
4.67   0   2.358   -0.9991
4.68   0   2.332   -0.9995
4.69   0   2.307   -0.9997
4.7   0   2.281   -0.9999
4.71   0   2.256   -1
4.72   0   2.23   -1
4.73   0   2.205   -0.9998
4.74   0   2.18   -0.9996
4.75   0   2.154   -0.9993
4.76   0   2.129   -0.9989
4.77   0   2.104   -0.9983
4.78   0   2.078   -0.9977
4.79   0   2.053   -0.997
4.8   0   2.028   -0.9962
4.81   0   2.003   -0.9952
4.82   0   1.978   -0.9942
4.83   0   1.953   -0.9931
4.84   0   1.928   -0.9919
4.85   0   1.903   -0.9905
4.86   0   1.878   -0.9891
4.87   0   1.853   -0.9876
4.88   0   1.828   -0.986
4.89   0   1.804   -0.9843
4.9   0   1.779   -0.9825
4.91   0   1.754   -0.9805
4.92   0   1.73   -0.9785
4.93   0   1.705   -0.9764
4.94   0   1.681   -0.9742
4.95   0   1.657   -0.9719
4.96   0   1.633   -0.9695
4.97   0   1.608   -0.967
4.98   0   1.584   -0.9644
4.99   0   1.56   -0.9617
5   0   1.537   -0.9589
5.01   0   1.513   -0.956
5.02   0   1.489   -0.9531
5.03   0   1.465   -0.95
5.04   0   1.442   -0.9468
5.05   0   1.418   -0.9435
5.06   0   1.395   -0.9402
5.07   0   1.372   -0.9367
5.08   0   1.349   -0.9332
5.09   0   1.325   -0.9295
5.1   0   1.302   -0.9258
5.11   0   1.28   -0.922
5.12   0   1.257   -0.9181
5.13   0   1.234   -0.9141
5.14   0   1.212   -0.91
5.15   0   1.189   -0.9058
5.16   0   1.167   -0.9015
5.17   0   1.144   -0.8971
5.18   0   1.122   -0.8926
5.19   0   1.1   -0.8881
5.2   0   1.078   -0.8835
5.21   0   1.056   -0.8787
5.22   0   1.035   -0.8739
5.23   0   1.013   -0.869
5.24   0   0.9914   -0.864
5.25   0   0.97   -0.8589
5.26   0   0.9487   -0.8538
5.27   0   0.9275   -0.8485
5.28   0   0.9065   -0.8432
5.29   0   0.8855   -0.8378
5.3   0   0.8647   -0.8323
5.31   0   0.844   -0.8267
5.32   0   0.8234   -0.821
5.33   0   0.803   -0.8153
5.34   0   0.7826   -0.8094
5.35   0   0.7624   -0.8035
5.36   0   0.7423   -0.7975
5.37   0   0.7224   -0.7915
5.38   0   0.7025   -0.7853
5.39   0   0.6828   -0.7791
5.4   0   0.6632   -0.7728
5.41   0   0.6438   -0.7664
5.42   0   0.6244   -0.7599
5.43   0   0.6052   -0.7534
5.44   0   0.5862   -0.7468
5.45   0   0.5672   -0.7401
5.46   0   0.5484   -0.7333
5.47   0   0.5297   -0.7265
5.48   0   0.5112   -0.7196
5.49   0   0.4928   -0.7126
5.5   0   0.4745   -0.7055
5.51   0   0.4563   -0.6984
5.52   0   0.4383   -0.6912
5.53   0   0.4204   -0.684
5.54   0   0.4027   -0.6766
5.55   0   0.3851   -0.6692
5.56   0   0.3676   -0.6618
5.57   0   0.3503   -0.6542
5.58   0   0.3331   -0.6467
5.59   0   0.316   -0.639
5.6   0   0.2991   -0.6313
5.61   0   0.2823   -0.6235
5.62   0   0.2656   -0.6156
5.63   0   0.2491   -0.6077
5.64   0   0.2328   -0.5997
5.65   0   0.2165   -0.5917
5.66   0   0.2004   -0.5836
5.67   0   0.1845   -0.5755
5.68   0   0.1687   -0.5673
5.69   0   0.153   -0.559
5.7   0   0.1374   -0.5507
5.71   0   0.122   -0.5423
5.72   0   0.1068   -0.5339
5.73   0   0.09167   -0.5254
5.74   0   0.07669   -0.5169
5.75   0   0.06186   -0.5083
5.76   0   0.04716   -0.4996
5.77   0   0.03261   -0.491
5.78   0   0.0182   -0.4822
5.79   0   0.003923   -0.4734
5.8   0   -0.01021   -0.4646
5.81   0   -0.0242   -0.4557
5.82   0   -0.03805   -0.4468
5.83   0   -0.05176   -0.4378
5.84   0   -0.06533   -0.4288
5.85   0   -0.07875   -0.4198
5.86   0   -0.09204   -0.4107
5.87   0   -0.1052   -0.4015
5.88   0   -0.1182   -0.3924
5.89   0   -0.1311   -0.3831
5.9   0   -0.1438   -0.3739
5.91   0   -0.1564   -0.3646
5.92   0   -0.1688   -0.3553
5.93   0   -0.1811   -0.3459
5.94   0   -0.1933   -0.3365
5.95   0   -0.2053   -0.3271
5.96   0   -0.2172   -0.3176
5.97   0   -0.2289   -0.3081
5.98   0   -0.2405   -0.2986
5.99   0   -0.252   -0.289
6   0   -0.2633   -0.2794
6.01   0   -0.2745   -0.2698
6.02   0   -0.2856   -0.2602
6.03   0   -0.2965   -0.2505
6.04   0   -0.3073   -0.2408
6.05   0   -0.3179   -0.2311
6.06   0   -0.3284   -0.2213
6.07   0   -0.3388   -0.2116
6.08   0   -0.349   -0.2018
6.09   0   -0.3591   -0.192
6.1   0   -0.369   -0.1822
6.11   0   -0.3789   -0.1723
6.12   0   -0.3885   -0.1625
6.13   0   -0.3981   -0.1526
6.14   0   -0.4075   -0.1427
6.15   0   -0.4168   -0.1328
6.16   0   -0.4259   -0.1229
6.17   0   -0.435   -0.1129
6.18   0   -0.4438   -0.103
6.19   0   -0.4526   -0.09305
6.2   0   -0.4612   -0.08309
6.21   0   -0.4697   -0.07312
6.22   0   -0.478   -0.06314
6.23   0   -0.4863   -0.05316
6.24   0   -0.4944   -0.04317
6.25   0   -0.5023   -0.03318
6.26   0   -0.5102   -0.02318
6.27   0   -0.5179   -0.01318
6.28   0   -0.5255   -0.003185
6.29   0   -0.5329   0.006815
6.3   0   -0.5402   0.01681
6.31   0   -0.5474   0.02681
6.32   0   -0.5545   0.03681
6.33   0   -0.5615   0.0468
6.34   0   -0.5683   0.05678
6.35   0   -0.575   0.06676
6.36   0   -0.5815   0.07674
6.37   0   -0.588   0.08671
6.38   0   -0.5943   0.09666
6.39   0   -0.6005   0.1066
6.4   0   -0.6066   0.1165
6.41   0   -0.6126   0.1265
6.42   0   -0.6184   0.1364
6.43   0   -0.6242   0.1463
6.44   0   -0.6298   0.1562
6.45   0   -0.6352   0.166
6.46   0   -0.6406   0.1759
6.47   0   -0.6459   0.1857
6.48   0   -0.651   0.1955
6.49   0   -0.656   0.2053
6.5   0   -0.6609   0.2151
6.51   0   -0.6657   0.2249
6.52   0   -0.6704   0.2346
6.53   0   -0.6749   0.2443
6.54   0   -0.6794   0.254
6.55   0   -0.6837   0.2637
6.56   0   -0.688   0.2733
6.57   0   -0.6921   0.2829
6.58   0   -0.6961   0.2925
6.59   0   -0.7   0.302
6.6   0   -0.7038   0.3115
6.61   0   -0.7074   0.321
6.62   0   -0.711   0.3305
6.63   0   -0.7145   0.3399
6.64   0   -0.7178   0.3493
6.65   0   -0.7211   0.3586
6.66   0   -0.7242   0.368
6.67   0   -0.7273   0.3772
6.68   0   -0.7302   0.3865
6.69   0   -0.7331   0.3957
6.7   0   -0.7358   0.4048
6.71   0   -0.7385   0.414
6.72   0   -0.741   0.4231
6.73   0   -0.7434   0.4321
6.74   0   -0.7458   0.4411
6.75   0   -0.748   0.45
6.76   0   -0.7502   0.459
6.77   0   -0.7522   0.4678
6.78   0   -0.7542   0.4766
6.79   0   -0.756   0.4854
6.8   0   -0.7578   0.4941
6.81   0   -0.7595   0.5028
6.82   0   -0.7611   0.5114
6.83   0   -0.7625   0.52
6.84   0   -0.7639   0.5285
6.85   0   -0.7653   0.5369
6.86   0   -0.7665   0.5454
6.87   0   -0.7676   0.5537
6.88   0   -0.7686   0.562
6.89   0   -0.7696   0.5703
6.9   0   -0.7705   0.5784
6.91   0   -0.7712   0.5866
6.92   0   -0.7719   0.5946
6.93   0   -0.7726   0.6026
6.94   0   -0.7731   0.6106
6.95   0   -0.7735   0.6185
6.96   0   -0.7739   0.6263
6.97   0   -0.7742   0.6341
6.98   0   -0.7744   0.6418
6.99   0   -0.7745   0.6494
7   0   -0.7746   0.657
7.01   0   -0.7745   0.6645
7.02   0   -0.7744   0.6719
7.03   0   -0.7742   0.6793
7.04   0   -0.774   0.6866
7.05   0   -0.7736   0.6938
7.06   0   -0.7732   0.701
7.07   0   -0.7727   0.7081
7.08   0   -0.7722   0.7151
7.09   0   -0.7716   0.7221
7.1   0   -0.7709   0.729
7.11   0   -0.7701   0.7358
7.12   0   -0.7693   0.7425
7.13   0   -0.7684   0.7492
7.14   0   -0.7674   0.7558
7.15   0   -0.7663   0.7623
7.16   0   -0.7652   0.7687
7.17   0   -0.7641   0.7751
7.18   0   -0.7628   0.7813
7.19   0   -0.7615   0.7875
7.2   0   -0.7602   0.7937
7.21   0   -0.7587   0.7997
7.22   0   -0.7572   0.8057
7.23   0   -0.7557   0.8116
7.24   0   -0.7541   0.8174
7.25   0   -0.7524   0.8231
7.26   0   -0.7507   0.8287
7.27   0   -0.7489   0.8343
7.28   0   -0.7471   0.8397
7.29   0   -0.7452   0.8451
7.3   0   -0.7432   0.8504
7.31   0   -0.7412   0.8557
7.32   0   -0.7391   0.8608
7.33   0   -0.737   0.8658
7.34   0   -0.7348   0.8708
7.35   0   -0.7326   0.8757
7.36   0   -0.7303   0.8805
7.37   0   -0.728   0.8851
7.38   0   -0.7256   0.8898
7.39   0   -0.7232   0.8943
7.4   0   -0.7207   0.8987
7.41   0   -0.7182   0.903
7.42   0   -0.7156   0.9073
7.43   0   -0.713   0.9115
7.44   0   -0.7104   0.9155
7.45   0   -0.7077   0.9195
7.46   0   -0.7049   0.9234
7.47   0   -0.7021   0.9272
7.48   0   -0.6993   0.9309
7.49   0   -0.6964   0.9345
7.5   0   -0.6935   0.938
7.51   0   -0.6906   0.9414
7.52   0   -0.6876   0.9447
7.53   0   -0.6845   0.948
7.54   0   -0.6815   0.9511
7.55   0   -0.6783   0.9542
7.56   0   -0.6752   0.9571
7.57   0   -0.672   0.9599
7.58   0   -0.6688   0.9627
7.59   0   -0.6655   0.9654
7.6   0   -0.6622   0.9679
7.61   0   -0.6589   0.9704
7.62   0   -0.6556   0.9728
7.63   0   -0.6522   0.975
7.64   0   -0.6488   0.9772
7.65   0   -0.6453   0.9793
7.66   0   -0.6418   0.9812
7.67   0   -0.6383   0.9831
7.68   0   -0.6348   0.9849
7.69   0   -0.6312   0.9866
7.7   0   -0.6276   0.9882
7.71   0   -0.624   0.9897
7.72   0   -0.6203   0.991
7.73   0   -0.6166   0.9923
7.74   0   -0.6129   0.9935
7.75   0   -0.6092   0.9946
7.76   0   -0.6055   0.9956
7.77   0   -0.6017   0.9965
7.78   0   -0.5979   0.9973
7.79   0   -0.5941   0.998
7.8   0   -0.5902   0.9985
7.81   0   -0.5864   0.999
7.82   0   -0.5825   0.9994
7.83   0   -0.5786   0.9997
7.84   0   -0.5747   0.9999
7.85   0   -0.5707   1
7.86   0   -0.5668   1
7.87   0   -0.5628   0.9999
7.88   0   -0.5588   0.9997
7.89   0   -0.5548   0.9994
7.9   0   -0.5508   0.9989
7.91   0   -0.5467   0.9984
7.92   0   -0.5427   0.9978
7.93   0   -0.5386   0.9971
7.94   0   -0.5345   0.9963
7.95   0   -0.5304   0.9954
7.96   0   -0.5263   0.9944
7.97   0   -0.5222   0.9933
7.98   0   -0.5181   0.9921
7.99   0   -0.5139   0.9908
8   0   -0.5098   0.9894
8.01   0   -0.5056   0.9879
8.02   0   -0.5015   0.9863
8.03   0   -0.4973   0.9845
8.04   0   -0.4931   0.9827
8.05   0   -0.4889   0.9808
8.06   0   -0.4847   0.9789
8.07   0   -0.4805   0.9768
8.08   0   -0.4763   0.9746
8.09   0   -0.472   0.9723
8.1   0   -0.4678   0.9699
8.11   0   -0.4636   0.9674
8.12   0   -0.4593   0.9648
8.13   0   -0.4551   0.9621
8.14   0   -0.4509   0.9594
8.15   0   -0.4466   0.9565
8.16   0   -0.4424   0.9535
8.17   0   -0.4381   0.9505
8.18   0   -0.4338   0.9473
8.19   0   -0.4296   0.9441
8.2   0   -0.4253   0.9407
8.21   0   -0.4211   0.9373
8.22   0   -0.4168   0.9338
8.23   0   -0.4126   0.9301
8.24   0   -0.4083   0.9264
8.25   0   -0.4041   0.9226
8.26   0   -0.3998   0.9187
8.27   0   -0.3956   0.9147
8.28   0   -0.3913   0.9106
8.29   0   -0.3871   0.9064
8.3   0   -0.3828   0.9022
8.31   0   -0.3786   0.8978
8.32   0   -0.3743   0.8934
8.33   0   -0.3701   0.8888
8.34   0   -0.3659   0.8842
8.35   0   -0.3617   0.8795
8.36   0   -0.3575   0.8747
8.37   0   -0.3532   0.8698
8.38   0   -0.349   0.8648
8.39   0   -0.3449   0.8597
8.4   0   -0.3407   0.8546
8.41   0   -0.3365   0.8494
8.42   0   -0.3323   0.844
8.43   0   -0.3281   0.8386
8.44   0   -0.324   0.8331
8.45   0   -0.3198   0.8276
8.46   0   -0.3157   0.8219
8.47   0   -0.3116   0.8162
8.48   0   -0.3075   0.8104
8.49   0   -0.3033   0.8045
8.5   0   -0.2992   0.7985
8.51   0   -0.2952   0.7924
8.52   0   -0.2911   0.7863
8.53   0   -0.287   0.7801
8.54   0   -0.283   0.7738
8.55   0   -0.2789   0.7674
8.56   0   -0.2749   0.761
8.57   0   -0.2709   0.7544
8.58   0   -0.2669   0.7478
8.59   0   -0.2629   0.7411
8.6   0   -0.2589   0.7344
8.61   0   -0.2549   0.7276
8.62   0   -0.251   0.7207
8.63   0   -0.247   0.7137
8.64   0   -0.2431   0.7067
8.65   0   -0.2392   0.6996
8.66   0   -0.2353   0.6924
8.67   0   -0.2314   0.6851
8.68   0   -0.2276   0.6778
8.69   0   -0.2237   0.6704
8.7   0   -0.2199   0.663
8.71   0   -0.2161   0.6554
8.72   0   -0.2123   0.6479
8.73   0   -0.2085   0.6402
8.74   0   -0.2047   0.6325
8.75   0   -0.201   0.6247
8.76   0   -0.1972   0.6169
8.77   0   -0.1935   0.609
8.78   0   -0.1898   0.601
8.79   0   -0.1861   0.593
8.8   0   -0.1825   0.5849
8.81   0   -0.1788   0.5768
8.82   0   -0.1752   0.5686
8.83   0   -0.1716   0.5603
8.84   0   -0.168   0.552
8.85   0   -0.1644   0.5436
8.86   0   -0.1609   0.5352
8.87   0   -0.1573   0.5268
8.88   0   -0.1538   0.5182
8.89   0   -0.1503   0.5097
8.9   0   -0.1469   0.501
8.91   0   -0.1434   0.4923
8.92   0   -0.14   0.4836
8.93   0   -0.1366   0.4748
8.94   0   -0.1332   0.466
8.95   0   -0.1298   0.4571
8.96   0   -0.1264   0.4482
8.97   0   -0.1231   0.4393
8.98   0   -0.1198   0.4303
8.99   0   -0.1165   0.4212
9   0   -0.1132   0.4121
9.01   0   -0.11   0.403
9.02   0   -0.1067   0.3938
9.03   0   -0.1035   0.3846
9.04   0   -0.1003   0.3754
9.05   0   -0.09717   0.3661
9.06   0   -0.09403   0.3567
9.07   0   -0.09091   0.3474
9.08   0   -0.08781   0.338
9.09   0   -0.08473   0.3286
9.1   0   -0.08167   0.3191
9.11   0   -0.07864   0.3096
9.12   0   -0.07563   0.3001
9.13   0   -0.07264   0.2905
9.14   0   -0.06967   0.2809
9.15   0   -0.06673   0.2713
9.16   0   -0.0638   0.2617
9.17   0   -0.0609   0.252
9.18   0   -0.05803   0.2423
9.19   0   -0.05517   0.2326
9.2   0   -0.05234   0.2229
9.21   0   -0.04953   0.2131
9.22   0   -0.04674   0.2033
9.23   0   -0.04398   0.1935
9.24   0   -0.04124   0.1837
9.25   0   -0.03852   0.1739
9.26   0   -0.03583   0.164
9.27   0   -0.03316   0.1542
9.28   0   -0.03051   0.1443
9.29   0   -0.02788   0.1344
9.3   0   -0.02528   0.1245
9.31   0   -0.0227   0.1145
9.32   0   -0.02015   0.1046
9.33   0   -0.01762   0.09464
9.34   0   -0.01511   0.08468
9.35   0   -0.01262   0.07471
9.36   0   -0.01016   0.06473
9.37   0   -0.007721   0.05475
9.38   0   -0.005306   0.04476
9.39   0   -0.002914   0.03477
9.4   0   -0.0005456   0.02478
9.41   0   0.0018   0.01478
9.42   0   0.004121   0.004778
9.43   0   0.00642   -0.005222
9.44   0   0.008695   -0.01522
9.45   0   0.01095   -0.02522
9.46   0   0.01317   -0.03521
9.47   0   0.01538   -0.04521
9.48   0   0.01756   -0.05519
9.49   0   0.01972   -0.06518
9.5   0   0.02185   -0.07515
9.51   0   0.02396   -0.08512
9.52   0   0.02605   -0.09508
9.53   0   0.02812   -0.105
9.54   0   0.03016   -0.115
9.55   0   0.03218   -0.1249
9.56   0   0.03417   -0.1348
9.57   0   0.03614   -0.1447
9.58   0   0.03809   -0.1546
9.59   0   0.04002   -0.1645
9.6   0   0.04192   -0.1743
9.61   0   0.0438   -0.1842
9.62   0   0.04566   -0.194
9.63   0   0.04749   -0.2038
9.64   0   0.0493   -0.2136
9.65   0   0.05109   -0.2233
9.66   0   0.05286   -0.2331
9.67   0   0.0546   -0.2428
9.68   0   0.05632   -0.2525
9.69   0   0.05802   -0.2621
9.7   0   0.05969   -0.2718
9.71   0   0.06134   -0.2814
9.72   0   0.06297   -0.291
9.73   0   0.06458   -0.3005
9.74   0   0.06616   -0.31
9.75   0   0.06772   -0.3195
9.76   0   0.06926   -0.329
9.77   0   0.07078   -0.3384
9.78   0   0.07228   -0.3478
9.79   0   0.07375   -0.3572
9.8   0   0.0752   -0.3665
9.81   0   0.07663   -0.3758
9.82   0   0.07804   -0.385
9.83   0   0.07943   -0.3942
9.84   0   0.08079   -0.4034
9.85   0   0.08214   -0.4125
9.86   0   0.08346   -0.4216
9.87   0   0.08476   -0.4307
9.88   0   0.08604   -0.4397
9.89   0   0.08729   -0.4486
9.9   0   0.08853   -0.4575
9.91   0   0.08975   -0.4664
9.92   0   0.09094   -0.4752
9.93   0   0.09211   -0.484
9.94   0   0.09327   -0.4927
9.95   0   0.0944   -0.5014
9.96   0   0.09551   -0.51
9.97   0   0.0966   -0.5186
9.98   0   0.09767   -0.5271
9.99   0   0.09872   -0.5356
10   0   0.09975   -0.544
10.01   0   0.1008   -0.5524
