#Premier Ordre :
#1 - Exemple 1
#2 - Circuit A
#3 - Circuit B
#Deuxième Ordre :
#4 - Exemple 2
#5 - Circuit C
#6 - Circuit D
#Choisir la source ?
#1 - Echelon
#2 - Porte
#3 - Carre
#4 - Triangle
#5 - Rampe f(t)=-3*t (Exemple1)
#6 - Nulle (Exemple 2)
#Valeur de R (Ohm) : 
#Valeur de L (Henry) : 
#Valeur de C (Farad) : 
#Temps   Entree   Sortie-Solution   Sinus(sol exact)   
0.01   2.45   0   0.01
0.02   2.4   0.00025   0.02
0.03   2.35   0.0007425   0.03
0.04   2.3   0.00147   0.03999
0.05   2.25   0.002425   0.04998
0.06   2.2   0.003601   0.05996
0.07   2.15   0.004989   0.06994
0.08   2.1   0.006584   0.07991
0.09   2.05   0.008376   0.08988
0.1   2   0.01036   0.09983
0.11   1.95   0.01253   0.1098
0.12   1.9   0.01487   0.1197
0.13   1.85   0.01739   0.1296
0.14   1.8   0.02007   0.1395
0.15   1.75   0.02291   0.1494
0.16   1.7   0.02589   0.1593
0.17   1.65   0.02902   0.1692
0.18   1.6   0.03229   0.179
0.19   1.55   0.03568   0.1889
0.2   1.5   0.0392   0.1987
0.21   1.45   0.04283   0.2085
0.22   1.4   0.04657   0.2182
0.23   1.35   0.05042   0.228
0.24   1.3   0.05436   0.2377
0.25   1.25   0.05839   0.2474
0.26   1.2   0.06251   0.2571
0.27   1.15   0.06671   0.2667
0.28   1.1   0.07098   0.2764
0.29   1.05   0.07531   0.286
0.3   1   0.0797   0.2955
0.31   0.95   0.08415   0.3051
0.32   0.9   0.08864   0.3146
0.33   0.85   0.09318   0.324
0.34   0.8   0.09775   0.3335
0.35   0.75   0.1023   0.3429
0.36   0.7   0.107   0.3523
0.37   0.65   0.1116   0.3616
0.38   0.6   0.1163   0.3709
0.39   0.55   0.1209   0.3802
0.4   0.5   0.1256   0.3894
0.41   0.45   0.1303   0.3986
0.42   0.4   0.1349   0.4078
0.43   0.35   0.1396   0.4169
0.44   0.3   0.1442   0.4259
0.45   0.25   0.1488   0.435
0.46   0.2   0.1533   0.4439
0.47   0.15   0.1579   0.4529
0.48   0.1   0.1623   0.4618
0.49   0.05   0.1668   0.4706
0.5   -1.11e-15   0.1712   0.4794
0.51   -0.05   0.1755   0.4882
0.52   -0.1   0.1798   0.4969
0.53   -0.15   0.184   0.5055
0.54   -0.2   0.1881   0.5141
0.55   -0.25   0.1922   0.5227
0.56   -0.3   0.1962   0.5312
0.57   -0.35   0.2001   0.5396
0.58   -0.4   0.2039   0.548
0.59   -0.45   0.2076   0.5564
0.6   -0.5   0.2112   0.5646
0.61   -0.55   0.2148   0.5729
0.62   -0.6   0.2182   0.581
0.63   -0.65   0.2215   0.5891
0.64   -0.7   0.2247   0.5972
0.65   -0.75   0.2277   0.6052
0.66   -0.8   0.2307   0.6131
0.67   -0.85   0.2335   0.621
0.68   -0.9   0.2362   0.6288
0.69   -0.95   0.2387   0.6365
0.7   -1   0.2411   0.6442
0.71   -1.05   0.2434   0.6518
0.72   -1.1   0.2455   0.6594
0.73   -1.15   0.2475   0.6669
0.74   -1.2   0.2493   0.6743
0.75   -1.25   0.251   0.6816
0.76   -1.3   0.2525   0.6889
0.77   -1.35   0.2538   0.6961
0.78   -1.4   0.255   0.7033
0.79   -1.45   0.256   0.7104
0.8   -1.5   0.2568   0.7174
0.81   -1.55   0.2574   0.7243
0.82   -1.6   0.2579   0.7311
0.83   -1.65   0.2582   0.7379
0.84   -1.7   0.2582   0.7446
0.85   -1.75   0.2581   0.7513
0.86   -1.8   0.2578   0.7578
0.87   -1.85   0.2573   0.7643
0.88   -1.9   0.2566   0.7707
0.89   -1.95   0.2557   0.7771
0.9   -2   0.2546   0.7833
0.91   -2.05   0.2533   0.7895
0.92   -2.1   0.2518   0.7956
0.93   -2.15   0.25   0.8016
0.94   -2.2   0.248   0.8076
0.95   -2.25   0.2459   0.8134
0.96   -2.3   0.2434   0.8192
0.97   -2.35   0.2408   0.8249
0.98   -2.4   0.2379   0.8305
0.99   -2.45   0.2349   0.836
1   -2.5   0.2315   0.8415
1.01   -2.45   0.228   0.8468
1.02   -2.4   0.2242   0.8521
1.03   -2.35   0.2201   0.8573
1.04   -2.3   0.2159   0.8624
1.05   -2.25   0.2114   0.8674
1.06   -2.2   0.2067   0.8724
1.07   -2.15   0.2019   0.8772
1.08   -2.1   0.1968   0.882
1.09   -2.05   0.1916   0.8866
1.1   -2   0.1861   0.8912
1.11   -1.95   0.1805   0.8957
1.12   -1.9   0.1748   0.9001
1.13   -1.85   0.1689   0.9044
1.14   -1.8   0.1628   0.9086
1.15   -1.75   0.1566   0.9128
1.16   -1.7   0.1503   0.9168
1.17   -1.65   0.1438   0.9208
1.18   -1.6   0.1372   0.9246
1.19   -1.55   0.1305   0.9284
1.2   -1.5   0.1237   0.932
1.21   -1.45   0.1168   0.9356
1.22   -1.4   0.1098   0.9391
1.23   -1.35   0.1027   0.9425
1.24   -1.3   0.09555   0.9458
1.25   -1.25   0.08831   0.949
1.26   -1.2   0.081   0.9521
1.27   -1.15   0.07364   0.9551
1.28   -1.1   0.06621   0.958
1.29   -1.05   0.05874   0.9608
1.3   -1   0.05123   0.9636
1.31   -0.95   0.04368   0.9662
1.32   -0.9   0.03611   0.9687
1.33   -0.85   0.02851   0.9711
1.34   -0.8   0.02089   0.9735
1.35   -0.75   0.01326   0.9757
1.36   -0.7   0.005621   0.9779
1.37   -0.65   -0.002015   0.9799
1.38   -0.6   -0.009646   0.9819
1.39   -0.55   -0.01726   0.9837
1.4   -0.5   -0.02487   0.9854
1.41   -0.45   -0.03244   0.9871
1.42   -0.4   -0.04   0.9887
1.43   -0.35   -0.04751   0.9901
1.44   -0.3   -0.05499   0.9915
1.45   -0.25   -0.06242   0.9927
1.46   -0.2   -0.06981   0.9939
1.47   -0.15   -0.07713   0.9949
1.48   -0.1   -0.0844   0.9959
1.49   -0.05   -0.0916   0.9967
1.5   5.551e-15   -0.09874   0.9975
1.51   0.05   -0.1058   0.9982
1.52   0.1   -0.1128   0.9987
1.53   0.15   -0.1197   0.9992
1.54   0.2   -0.1265   0.9995
1.55   0.25   -0.1332   0.9998
1.56   0.3   -0.1398   0.9999
1.57   0.35   -0.1463   1
1.58   0.4   -0.1527   1
1.59   0.45   -0.1589   0.9998
1.6   0.5   -0.1651   0.9996
1.61   0.55   -0.1711   0.9992
1.62   0.6   -0.1771   0.9988
1.63   0.65   -0.1828   0.9982
1.64   0.7   -0.1885   0.9976
1.65   0.75   -0.194   0.9969
1.66   0.8   -0.1993   0.996
1.67   0.85   -0.2046   0.9951
1.68   0.9   -0.2096   0.994
1.69   0.95   -0.2145   0.9929
1.7   1   -0.2193   0.9917
1.71   1.05   -0.2239   0.9903
1.72   1.1   -0.2283   0.9889
1.73   1.15   -0.2325   0.9874
1.74   1.2   -0.2366   0.9857
1.75   1.25   -0.2405   0.984
1.76   1.3   -0.2442   0.9822
1.77   1.35   -0.2477   0.9802
1.78   1.4   -0.251   0.9782
1.79   1.45   -0.2542   0.9761
1.8   1.5   -0.2571   0.9738
1.81   1.55   -0.2598   0.9715
1.82   1.6   -0.2624   0.9691
1.83   1.65   -0.2647   0.9666
1.84   1.7   -0.2668   0.964
1.85   1.75   -0.2687   0.9613
1.86   1.8   -0.2704   0.9585
1.87   1.85   -0.2719   0.9556
1.88   1.9   -0.2731   0.9526
1.89   1.95   -0.2742   0.9495
1.9   2   -0.275   0.9463
1.91   2.05   -0.2755   0.943
1.92   2.1   -0.2759   0.9396
1.93   2.15   -0.276   0.9362
1.94   2.2   -0.2758   0.9326
1.95   2.25   -0.2755   0.929
1.96   2.3   -0.2748   0.9252
1.97   2.35   -0.274   0.9214
1.98   2.4   -0.2729   0.9174
1.99   2.45   -0.2715   0.9134
2   2.5   -0.2699   0.9093
2.01   2.45   -0.268   0.9051
2.02   2.4   -0.2658   0.9008
2.03   2.35   -0.2635   0.8964
2.04   2.3   -0.2608   0.8919
2.05   2.25   -0.258   0.8874
2.06   2.2   -0.2549   0.8827
2.07   2.15   -0.2516   0.878
2.08   2.1   -0.248   0.8731
2.09   2.05   -0.2443   0.8682
2.1   2   -0.2404   0.8632
2.11   1.95   -0.2363   0.8581
2.12   1.9   -0.232   0.8529
2.13   1.85   -0.2275   0.8477
2.14   1.8   -0.2228   0.8423
2.15   1.75   -0.218   0.8369
2.16   1.7   -0.2131   0.8314
2.17   1.65   -0.208   0.8258
2.18   1.6   -0.2027   0.8201
2.19   1.55   -0.1973   0.8143
2.2   1.5   -0.1918   0.8085
2.21   1.45   -0.1862   0.8026
2.22   1.4   -0.1805   0.7966
2.23   1.35   -0.1746   0.7905
2.24   1.3   -0.1687   0.7843
2.25   1.25   -0.1626   0.7781
2.26   1.2   -0.1565   0.7718
2.27   1.15   -0.1503   0.7654
2.28   1.1   -0.144   0.7589
2.29   1.05   -0.1377   0.7523
2.3   1   -0.1313   0.7457
2.31   0.95   -0.1248   0.739
2.32   0.9   -0.1183   0.7322
2.33   0.85   -0.1117   0.7254
2.34   0.8   -0.1051   0.7185
2.35   0.75   -0.09853   0.7115
2.36   0.7   -0.09188   0.7044
2.37   0.65   -0.08522   0.6973
2.38   0.6   -0.07855   0.6901
2.39   0.55   -0.07187   0.6828
2.4   0.5   -0.06518   0.6755
2.41   0.45   -0.05851   0.6681
2.42   0.4   -0.05184   0.6606
2.43   0.35   -0.04519   0.653
2.44   0.3   -0.03856   0.6454
2.45   0.25   -0.03195   0.6378
2.46   0.2   -0.02538   0.63
2.47   0.15   -0.01885   0.6222
2.48   0.1   -0.01236   0.6144
2.49   0.05   -0.005914   0.6065
2.5   4.663e-14   0.0004754   0.5985
2.51   -0.05   0.006807   0.5904
2.52   -0.1   0.01307   0.5823
2.53   -0.15   0.01927   0.5742
2.54   -0.2   0.0254   0.566
2.55   -0.25   0.03145   0.5577
2.56   -0.3   0.03741   0.5494
2.57   -0.35   0.04329   0.541
2.58   -0.4   0.04908   0.5325
2.59   -0.45   0.05476   0.524
2.6   -0.5   0.06035   0.5155
2.61   -0.55   0.06583   0.5069
2.62   -0.6   0.0712   0.4983
2.63   -0.65   0.07645   0.4896
2.64   -0.7   0.08159   0.4808
2.65   -0.75   0.0866   0.472
2.66   -0.8   0.09148   0.4632
2.67   -0.85   0.09623   0.4543
2.68   -0.9   0.1008   0.4454
2.69   -0.95   0.1053   0.4364
2.7   -1   0.1096   0.4274
2.71   -1.05   0.1138   0.4183
2.72   -1.1   0.1178   0.4092
2.73   -1.15   0.1217   0.4001
2.74   -1.2   0.1254   0.3909
2.75   -1.25   0.129   0.3817
2.76   -1.3   0.1323   0.3724
2.77   -1.35   0.1355   0.3631
2.78   -1.4   0.1386   0.3538
2.79   -1.45   0.1414   0.3444
2.8   -1.5   0.1441   0.335
2.81   -1.55   0.1466   0.3255
2.82   -1.6   0.1489   0.3161
2.83   -1.65   0.151   0.3066
2.84   -1.7   0.1529   0.297
2.85   -1.75   0.1546   0.2875
2.86   -1.8   0.1561   0.2779
2.87   -1.85   0.1574   0.2683
2.88   -1.9   0.1585   0.2586
2.89   -1.95   0.1593   0.2489
2.9   -2   0.16   0.2392
2.91   -2.05   0.1604   0.2295
2.92   -2.1   0.1607   0.2198
2.93   -2.15   0.1607   0.21
2.94   -2.2   0.1605   0.2002
2.95   -2.25   0.16   0.1904
2.96   -2.3   0.1593   0.1806
2.97   -2.35   0.1584   0.1708
2.98   -2.4   0.1572   0.1609
2.99   -2.45   0.1558   0.151
3   -2.5   0.1542   0.1411
3.01   -2.45   0.1523   0.1312
3.02   -2.4   0.1502   0.1213
3.03   -2.35   0.1478   0.1114
3.04   -2.3   0.1452   0.1014
3.05   -2.25   0.1424   0.09146
3.06   -2.2   0.1394   0.0815
3.07   -2.15   0.1361   0.07153
3.08   -2.1   0.1327   0.06155
3.09   -2.05   0.129   0.05157
3.1   -2   0.1252   0.04158
3.11   -1.95   0.1212   0.03159
3.12   -1.9   0.117   0.02159
3.13   -1.85   0.1127   0.01159
3.14   -1.8   0.1082   0.001593
3.15   -1.75   0.1035   -0.008407
3.16   -1.7   0.0987   -0.01841
3.17   -1.65   0.09376   -0.0284
3.18   -1.6   0.0887   -0.0384
3.19   -1.55   0.0835   -0.04839
3.2   -1.5   0.07819   -0.05837
3.21   -1.45   0.07278   -0.06835
3.22   -1.4   0.06725   -0.07833
3.23   -1.35   0.06163   -0.08829
3.24   -1.3   0.05592   -0.09825
3.25   -1.25   0.05013   -0.1082
3.26   -1.2   0.04426   -0.1181
3.27   -1.15   0.03831   -0.1281
3.28   -1.1   0.0323   -0.138
3.29   -1.05   0.02624   -0.1479
3.3   -1   0.02012   -0.1577
3.31   -0.95   0.01395   -0.1676
3.32   -0.9   0.007743   -0.1775
3.33   -0.85   0.001502   -0.1873
3.34   -0.8   -0.004767   -0.1971
3.35   -0.75   -0.01106   -0.2069
3.36   -0.7   -0.01737   -0.2167
3.37   -0.65   -0.02369   -0.2264
3.38   -0.6   -0.03001   -0.2362
3.39   -0.55   -0.03633   -0.2459
3.4   -0.5   -0.04265   -0.2555
3.41   -0.45   -0.04896   -0.2652
3.42   -0.4   -0.05525   -0.2748
3.43   -0.35   -0.06151   -0.2844
3.44   -0.3   -0.06775   -0.294
3.45   -0.25   -0.07395   -0.3035
3.46   -0.2   -0.08012   -0.3131
3.47   -0.15   -0.08624   -0.3225
3.48   -0.1   -0.09231   -0.332
3.49   -0.05   -0.09833   -0.3414
3.5   -1.532e-13   -0.1043   -0.3508
3.51   0.05   -0.1102   -0.3601
3.52   0.1   -0.116   -0.3694
3.53   0.15   -0.1218   -0.3787
3.54   0.2   -0.1274   -0.388
3.55   0.25   -0.133   -0.3971
3.56   0.3   -0.1385   -0.4063
3.57   0.35   -0.1439   -0.4154
3.58   0.4   -0.1492   -0.4245
3.59   0.45   -0.1544   -0.4335
3.6   0.5   -0.1595   -0.4425
3.61   0.55   -0.1645   -0.4515
3.62   0.6   -0.1694   -0.4604
3.63   0.65   -0.1741   -0.4692
3.64   0.7   -0.1788   -0.478
3.65   0.75   -0.1833   -0.4868
3.66   0.8   -0.1876   -0.4955
3.67   0.85   -0.1918   -0.5042
3.68   0.9   -0.1959   -0.5128
3.69   0.95   -0.1999   -0.5213
3.7   1   -0.2037   -0.5298
3.71   1.05   -0.2073   -0.5383
3.72   1.1   -0.2108   -0.5467
3.73   1.15   -0.2141   -0.555
3.74   1.2   -0.2173   -0.5633
3.75   1.25   -0.2203   -0.5716
3.76   1.3   -0.2231   -0.5797
3.77   1.35   -0.2257   -0.5879
3.78   1.4   -0.2282   -0.5959
3.79   1.45   -0.2305   -0.6039
3.8   1.5   -0.2326   -0.6119
3.81   1.55   -0.2345   -0.6197
3.82   1.6   -0.2362   -0.6276
3.83   1.65   -0.2377   -0.6353
3.84   1.7   -0.239   -0.643
3.85   1.75   -0.2401   -0.6506
3.86   1.8   -0.2411   -0.6582
3.87   1.85   -0.2418   -0.6657
3.88   1.9   -0.2423   -0.6731
3.89   1.95   -0.2425   -0.6805
3.9   2   -0.2426   -0.6878
3.91   2.05   -0.2424   -0.695
3.92   2.1   -0.2421   -0.7021
3.93   2.15   -0.2415   -0.7092
3.94   2.2   -0.2406   -0.7162
3.95   2.25   -0.2396   -0.7232
3.96   2.3   -0.2383   -0.7301
3.97   2.35   -0.2367   -0.7369
3.98   2.4   -0.235   -0.7436
3.99   2.45   -0.2329   -0.7502
4   2.5   -0.2307   -0.7568
4.01   2.45   -0.2282   -0.7633
4.02   2.4   -0.2254   -0.7697
4.03   2.35   -0.2224   -0.7761
4.04   2.3   -0.2192   -0.7823
4.05   2.25   -0.2158   -0.7885
4.06   2.2   -0.2121   -0.7946
4.07   2.15   -0.2082   -0.8007
4.08   2.1   -0.2042   -0.8066
4.09   2.05   -0.1999   -0.8125
4.1   2   -0.1954   -0.8183
4.11   1.95   -0.1908   -0.824
4.12   1.9   -0.186   -0.8296
4.13   1.85   -0.181   -0.8352
4.14   1.8   -0.1759   -0.8406
4.15   1.75   -0.1706   -0.846
4.16   1.7   -0.1651   -0.8513
4.17   1.65   -0.1596   -0.8565
4.18   1.6   -0.1538   -0.8616
4.19   1.55   -0.148   -0.8666
4.2   1.5   -0.1421   -0.8716
4.21   1.45   -0.136   -0.8764
4.22   1.4   -0.1299   -0.8812
4.23   1.35   -0.1236   -0.8859
4.24   1.3   -0.1173   -0.8905
4.25   1.25   -0.1108   -0.895
4.26   1.2   -0.1043   -0.8994
4.27   1.15   -0.09775   -0.9037
4.28   1.1   -0.0911   -0.908
4.29   1.05   -0.0844   -0.9121
4.3   1   -0.07765   -0.9162
4.31   0.95   -0.07085   -0.9201
4.32   0.9   -0.06401   -0.924
4.33   0.85   -0.05714   -0.9278
4.34   0.8   -0.05024   -0.9315
4.35   0.75   -0.04331   -0.9351
4.36   0.7   -0.03638   -0.9386
4.37   0.65   -0.02943   -0.942
4.38   0.6   -0.02248   -0.9453
4.39   0.55   -0.01552   -0.9485
4.4   0.5   -0.008582   -0.9516
4.41   0.45   -0.001651   -0.9546
4.42   0.4   0.005261   -0.9576
4.43   0.35   0.01215   -0.9604
4.44   0.3   0.01901   -0.9631
4.45   0.25   0.02583   -0.9658
4.46   0.2   0.03262   -0.9683
4.47   0.15   0.03935   -0.9708
4.48   0.1   0.04604   -0.9731
4.49   0.05   0.05267   -0.9754
4.5   2.576e-13   0.05924   -0.9775
4.51   -0.05   0.06575   -0.9796
4.52   -0.1   0.07218   -0.9816
4.53   -0.15   0.07854   -0.9834
4.54   -0.2   0.08482   -0.9852
4.55   -0.25   0.09101   -0.9868
4.56   -0.3   0.09711   -0.9884
4.57   -0.35   0.1031   -0.9899
4.58   -0.4   0.109   -0.9912
4.59   -0.45   0.1148   -0.9925
4.6   -0.5   0.1205   -0.9937
4.61   -0.55   0.1261   -0.9948
4.62   -0.6   0.1316   -0.9957
4.63   -0.65   0.1369   -0.9966
4.64   -0.7   0.1421   -0.9974
4.65   -0.75   0.1472   -0.9981
4.66   -0.8   0.1521   -0.9986
4.67   -0.85   0.1569   -0.9991
4.68   -0.9   0.1616   -0.9995
4.69   -0.95   0.1661   -0.9997
4.7   -1   0.1705   -0.9999
4.71   -1.05   0.1747   -1
4.72   -1.1   0.1788   -1
4.73   -1.15   0.1826   -0.9998
4.74   -1.2   0.1864   -0.9996
4.75   -1.25   0.1899   -0.9993
4.76   -1.3   0.1933   -0.9989
4.77   -1.35   0.1965   -0.9983
4.78   -1.4   0.1995   -0.9977
4.79   -1.45   0.2023   -0.997
4.8   -1.5   0.205   -0.9962
4.81   -1.55   0.2074   -0.9952
4.82   -1.6   0.2097   -0.9942
4.83   -1.65   0.2118   -0.9931
4.84   -1.7   0.2136   -0.9919
4.85   -1.75   0.2153   -0.9905
4.86   -1.8   0.2167   -0.9891
4.87   -1.85   0.218   -0.9876
4.88   -1.9   0.219   -0.986
4.89   -1.95   0.2198   -0.9843
4.9   -2   0.2204   -0.9825
4.91   -2.05   0.2207   -0.9805
4.92   -2.1   0.2209   -0.9785
4.93   -2.15   0.2208   -0.9764
4.94   -2.2   0.2204   -0.9742
4.95   -2.25   0.2199   -0.9719
4.96   -2.3   0.2191   -0.9695
4.97   -2.35   0.2181   -0.967
4.98   -2.4   0.2168   -0.9644
4.99   -2.45   0.2153   -0.9617
5   -2.5   0.2135   -0.9589
5.01   -2.45   0.2115   -0.956
5.02   -2.4   0.2092   -0.9531
5.03   -2.35   0.2067   -0.95
5.04   -2.3   0.204   -0.9468
5.05   -2.25   0.201   -0.9435
5.06   -2.2   0.1978   -0.9402
5.07   -2.15   0.1944   -0.9367
5.08   -2.1   0.1908   -0.9332
5.09   -2.05   0.187   -0.9295
5.1   -2   0.183   -0.9258
5.11   -1.95   0.1788   -0.922
5.12   -1.9   0.1744   -0.9181
5.13   -1.85   0.1699   -0.9141
5.14   -1.8   0.1652   -0.91
5.15   -1.75   0.1603   -0.9058
5.16   -1.7   0.1553   -0.9015
5.17   -1.65   0.1502   -0.8971
5.18   -1.6   0.1449   -0.8926
5.19   -1.55   0.1395   -0.8881
5.2   -1.5   0.134   -0.8835
5.21   -1.45   0.1284   -0.8787
5.22   -1.4   0.1226   -0.8739
5.23   -1.35   0.1168   -0.869
5.24   -1.3   0.1109   -0.864
5.25   -1.25   0.1048   -0.8589
5.26   -1.2   0.09874   -0.8538
5.27   -1.15   0.09256   -0.8485
5.28   -1.1   0.08632   -0.8432
5.29   -1.05   0.08001   -0.8378
5.3   -1   0.07365   -0.8323
5.31   -0.95   0.06723   -0.8267
5.32   -0.9   0.06078   -0.821
5.33   -0.85   0.05429   -0.8153
5.34   -0.8   0.04776   -0.8094
5.35   -0.75   0.04121   -0.8035
5.36   -0.7   0.03464   -0.7975
5.37   -0.65   0.02806   -0.7915
5.38   -0.6   0.02147   -0.7853
5.39   -0.55   0.01488   -0.7791
5.4   -0.5   0.008294   -0.7728
5.41   -0.45   0.001715   -0.7664
5.42   -0.4   -0.004848   -0.7599
5.43   -0.35   -0.01139   -0.7534
5.44   -0.3   -0.01791   -0.7468
5.45   -0.25   -0.02439   -0.7401
5.46   -0.2   -0.03084   -0.7333
5.47   -0.15   -0.03725   -0.7265
5.48   -0.1   -0.04361   -0.7196
5.49   -0.05   -0.04992   -0.7126
5.5   -3.642e-13   -0.05617   -0.7055
5.51   0.05   -0.06235   -0.6984
5.52   0.1   -0.06847   -0.6912
5.53   0.15   -0.07452   -0.684
5.54   0.2   -0.08049   -0.6766
5.55   0.25   -0.08638   -0.6692
5.56   0.3   -0.09218   -0.6618
5.57   0.35   -0.09789   -0.6542
5.58   0.4   -0.1035   -0.6467
5.59   0.45   -0.109   -0.639
5.6   0.5   -0.1144   -0.6313
5.61   0.55   -0.1197   -0.6235
5.62   0.6   -0.1249   -0.6156
5.63   0.65   -0.13   -0.6077
5.64   0.7   -0.1349   -0.5997
5.65   0.75   -0.1397   -0.5917
5.66   0.8   -0.1444   -0.5836
5.67   0.85   -0.1489   -0.5755
5.68   0.9   -0.1534   -0.5673
5.69   0.95   -0.1576   -0.559
5.7   1   -0.1617   -0.5507
5.71   1.05   -0.1657   -0.5423
5.72   1.1   -0.1695   -0.5339
5.73   1.15   -0.1731   -0.5254
5.74   1.2   -0.1766   -0.5169
5.75   1.25   -0.1799   -0.5083
5.76   1.3   -0.1831   -0.4996
5.77   1.35   -0.1861   -0.491
5.78   1.4   -0.1889   -0.4822
5.79   1.45   -0.1915   -0.4734
5.8   1.5   -0.1939   -0.4646
5.81   1.55   -0.1961   -0.4557
5.82   1.6   -0.1982   -0.4468
5.83   1.65   -0.2   -0.4378
5.84   1.7   -0.2017   -0.4288
5.85   1.75   -0.2031   -0.4198
5.86   1.8   -0.2044   -0.4107
5.87   1.85   -0.2054   -0.4015
5.88   1.9   -0.2062   -0.3924
5.89   1.95   -0.2069   -0.3831
5.9   2   -0.2073   -0.3739
5.91   2.05   -0.2074   -0.3646
5.92   2.1   -0.2074   -0.3553
5.93   2.15   -0.2071   -0.3459
5.94   2.2   -0.2066   -0.3365
5.95   2.25   -0.2059   -0.3271
5.96   2.3   -0.2049   -0.3176
5.97   2.35   -0.2037   -0.3081
5.98   2.4   -0.2023   -0.2986
5.99   2.45   -0.2006   -0.289
6   2.5   -0.1987   -0.2794
6.01   2.45   -0.1965   -0.2698
6.02   2.4   -0.1941   -0.2602
6.03   2.35   -0.1915   -0.2505
6.04   2.3   -0.1886   -0.2408
6.05   2.25   -0.1855   -0.2311
6.06   2.2   -0.1821   -0.2213
6.07   2.15   -0.1786   -0.2116
6.08   2.1   -0.1748   -0.2018
6.09   2.05   -0.1709   -0.192
6.1   2   -0.1668   -0.1822
6.11   1.95   -0.1625   -0.1723
6.12   1.9   -0.158   -0.1625
6.13   1.85   -0.1533   -0.1526
6.14   1.8   -0.1485   -0.1427
6.15   1.75   -0.1436   -0.1328
6.16   1.7   -0.1385   -0.1229
6.17   1.65   -0.1332   -0.1129
6.18   1.6   -0.1278   -0.103
6.19   1.55   -0.1223   -0.09305
6.2   1.5   -0.1167   -0.08309
6.21   1.45   -0.111   -0.07312
6.22   1.4   -0.1052   -0.06314
6.23   1.35   -0.09922   -0.05316
6.24   1.3   -0.0932   -0.04317
6.25   1.25   -0.08709   -0.03318
6.26   1.2   -0.08091   -0.02318
6.27   1.15   -0.07465   -0.01318
6.28   1.1   -0.06833   -0.003185
6.29   1.05   -0.06195   0.006815
6.3   1   -0.05551   0.01681
6.31   0.95   -0.04903   0.02681
6.32   0.9   -0.04251   0.03681
6.33   0.85   -0.03595   0.0468
6.34   0.8   -0.02936   0.05678
6.35   0.75   -0.02276   0.06676
6.36   0.7   -0.01613   0.07674
6.37   0.65   -0.009494   0.08671
6.38   0.6   -0.002852   0.09666
6.39   0.55   0.003789   0.1066
6.4   0.5   0.01042   0.1165
6.41   0.45   0.01705   0.1265
6.42   0.4   0.02365   0.1364
6.43   0.35   0.03024   0.1463
6.44   0.3   0.03679   0.1562
6.45   0.25   0.04331   0.166
6.46   0.2   0.0498   0.1759
6.47   0.15   0.05623   0.1857
6.48   0.1   0.06262   0.1955
6.49   0.05   0.06896   0.2053
6.5   4.707e-13   0.07523   0.2151
6.51   -0.05   0.08144   0.2249
6.52   -0.1   0.08758   0.2346
6.53   -0.15   0.09365   0.2443
6.54   -0.2   0.09964   0.254
6.55   -0.25   0.1055   0.2637
6.56   -0.3   0.1114   0.2733
6.57   -0.35   0.1171   0.2829
6.58   -0.4   0.1227   0.2925
6.59   -0.45   0.1282   0.302
6.6   -0.5   0.1336   0.3115
6.61   -0.55   0.1389   0.321
6.62   -0.6   0.1441   0.3305
6.63   -0.65   0.1492   0.3399
6.64   -0.7   0.1541   0.3493
6.65   -0.75   0.1589   0.3586
6.66   -0.8   0.1636   0.368
6.67   -0.85   0.1681   0.3772
6.68   -0.9   0.1725   0.3865
6.69   -0.95   0.1768   0.3957
6.7   -1   0.1809   0.4048
6.71   -1.05   0.1848   0.414
6.72   -1.1   0.1886   0.4231
6.73   -1.15   0.1922   0.4321
6.74   -1.2   0.1957   0.4411
6.75   -1.25   0.199   0.45
6.76   -1.3   0.2021   0.459
6.77   -1.35   0.205   0.4678
6.78   -1.4   0.2078   0.4766
6.79   -1.45   0.2104   0.4854
6.8   -1.5   0.2128   0.4941
6.81   -1.55   0.215   0.5028
6.82   -1.6   0.217   0.5114
6.83   -1.65   0.2188   0.52
6.84   -1.7   0.2204   0.5285
6.85   -1.75   0.2218   0.5369
6.86   -1.8   0.2231   0.5454
6.87   -1.85   0.224   0.5537
6.88   -1.9   0.2248   0.562
6.89   -1.95   0.2254   0.5703
6.9   -2   0.2258   0.5784
6.91   -2.05   0.2259   0.5866
6.92   -2.1   0.2258   0.5946
6.93   -2.15   0.2255   0.6026
6.94   -2.2   0.2249   0.6106
6.95   -2.25   0.2241   0.6185
6.96   -2.3   0.2231   0.6263
6.97   -2.35   0.2219   0.6341
6.98   -2.4   0.2204   0.6418
6.99   -2.45   0.2186   0.6494
7   -2.5   0.2167   0.657
7.01   -2.45   0.2144   0.6645
7.02   -2.4   0.2119   0.6719
7.03   -2.35   0.2092   0.6793
7.04   -2.3   0.2063   0.6866
7.05   -2.25   0.2031   0.6938
7.06   -2.2   0.1997   0.701
7.07   -2.15   0.1961   0.7081
7.08   -2.1   0.1923   0.7151
7.09   -2.05   0.1883   0.7221
7.1   -2   0.1841   0.729
7.11   -1.95   0.1797   0.7358
7.12   -1.9   0.1751   0.7425
7.13   -1.85   0.1704   0.7492
7.14   -1.8   0.1655   0.7558
7.15   -1.75   0.1605   0.7623
7.16   -1.7   0.1553   0.7687
7.17   -1.65   0.15   0.7751
7.18   -1.6   0.1445   0.7813
7.19   -1.55   0.139   0.7875
7.2   -1.5   0.1333   0.7937
7.21   -1.45   0.1274   0.7997
7.22   -1.4   0.1215   0.8057
7.23   -1.35   0.1155   0.8116
7.24   -1.3   0.1094   0.8174
7.25   -1.25   0.1032   0.8231
7.26   -1.2   0.09695   0.8287
7.27   -1.15   0.09061   0.8343
7.28   -1.1   0.0842   0.8397
7.29   -1.05   0.07773   0.8451
7.3   -1   0.07121   0.8504
7.31   -0.95   0.06464   0.8557
7.32   -0.9   0.05802   0.8608
7.33   -0.85   0.05138   0.8658
7.34   -0.8   0.0447   0.8708
7.35   -0.75   0.038   0.8757
7.36   -0.7   0.03128   0.8805
7.37   -0.65   0.02455   0.8851
7.38   -0.6   0.01782   0.8898
7.39   -0.55   0.01108   0.8943
7.4   -0.5   0.004355   0.8987
7.41   -0.45   -0.002364   0.903
7.42   -0.4   -0.009065   0.9073
7.43   -0.35   -0.01574   0.9115
7.44   -0.3   -0.0224   0.9155
7.45   -0.25   -0.02901   0.9195
7.46   -0.2   -0.03559   0.9234
7.47   -0.15   -0.04213   0.9272
7.48   -0.1   -0.04862   0.9309
7.49   -0.05   -0.05505   0.9345
7.5   -5.773e-13   -0.06143   0.938
7.51   0.05   -0.06774   0.9414
7.52   0.1   -0.07398   0.9447
7.53   0.15   -0.08014   0.948
7.54   0.2   -0.08623   0.9511
7.55   0.25   -0.09223   0.9542
7.56   0.3   -0.09815   0.9571
7.57   0.35   -0.104   0.9599
7.58   0.4   -0.1097   0.9627
7.59   0.45   -0.1153   0.9654
7.6   0.5   -0.1208   0.9679
7.61   0.55   -0.1262   0.9704
7.62   0.6   -0.1315   0.9728
7.63   0.65   -0.1367   0.975
7.64   0.7   -0.1417   0.9772
7.65   0.75   -0.1466   0.9793
7.66   0.8   -0.1514   0.9812
7.67   0.85   -0.1561   0.9831
7.68   0.9   -0.1606   0.9849
7.69   0.95   -0.1649   0.9866
7.7   1   -0.1691   0.9882
7.71   1.05   -0.1732   0.9897
7.72   1.1   -0.1771   0.991
7.73   1.15   -0.1808   0.9923
7.74   1.2   -0.1843   0.9935
7.75   1.25   -0.1877   0.9946
7.76   1.3   -0.191   0.9956
7.77   1.35   -0.194   0.9965
7.78   1.4   -0.1969   0.9973
7.79   1.45   -0.1996   0.998
7.8   1.5   -0.2021   0.9985
7.81   1.55   -0.2044   0.999
7.82   1.6   -0.2065   0.9994
7.83   1.65   -0.2084   0.9997
7.84   1.7   -0.2101   0.9999
7.85   1.75   -0.2117   1
7.86   1.8   -0.213   1
7.87   1.85   -0.2141   0.9999
7.88   1.9   -0.215   0.9997
7.89   1.95   -0.2156   0.9994
7.9   2   -0.2161   0.9989
7.91   2.05   -0.2163   0.9984
7.92   2.1   -0.2163   0.9978
7.93   2.15   -0.2161   0.9971
7.94   2.2   -0.2157   0.9963
7.95   2.25   -0.215   0.9954
7.96   2.3   -0.2141   0.9944
7.97   2.35   -0.2129   0.9933
7.98   2.4   -0.2116   0.9921
7.99   2.45   -0.2099   0.9908
8   2.5   -0.208   0.9894
8.01   2.45   -0.2059   0.9879
8.02   2.4   -0.2036   0.9863
8.03   2.35   -0.2009   0.9845
8.04   2.3   -0.1981   0.9827
8.05   2.25   -0.195   0.9808
8.06   2.2   -0.1917   0.9789
8.07   2.15   -0.1882   0.9768
8.08   2.1   -0.1845   0.9746
8.09   2.05   -0.1806   0.9723
8.1   2   -0.1765   0.9699
8.11   1.95   -0.1722   0.9674
8.12   1.9   -0.1678   0.9648
8.13   1.85   -0.1631   0.9621
8.14   1.8   -0.1584   0.9594
8.15   1.75   -0.1534   0.9565
8.16   1.7   -0.1483   0.9535
8.17   1.65   -0.1431   0.9505
8.18   1.6   -0.1378   0.9473
8.19   1.55   -0.1323   0.9441
8.2   1.5   -0.1267   0.9407
8.21   1.45   -0.121   0.9373
8.22   1.4   -0.1152   0.9338
8.23   1.35   -0.1092   0.9301
8.24   1.3   -0.1032   0.9264
8.25   1.25   -0.09714   0.9226
8.26   1.2   -0.09097   0.9187
8.27   1.15   -0.08472   0.9147
8.28   1.1   -0.07841   0.9106
8.29   1.05   -0.07204   0.9064
8.3   1   -0.06561   0.9022
8.31   0.95   -0.05913   0.8978
8.32   0.9   -0.05262   0.8934
8.33   0.85   -0.04606   0.8888
8.34   0.8   -0.03948   0.8842
8.35   0.75   -0.03287   0.8795
8.36   0.7   -0.02625   0.8747
8.37   0.65   -0.01961   0.8698
8.38   0.6   -0.01297   0.8648
8.39   0.55   -0.006329   0.8597
8.4   0.5   0.0003092   0.8546
8.41   0.45   0.006936   0.8494
8.42   0.4   0.01355   0.844
8.43   0.35   0.02014   0.8386
8.44   0.3   0.0267   0.8331
8.45   0.25   0.03323   0.8276
8.46   0.2   0.03972   0.8219
8.47   0.15   0.04617   0.8162
8.48   0.1   0.05257   0.8104
8.49   0.05   0.05891   0.8045
8.5   6.839e-13   0.0652   0.7985
8.51   -0.05   0.07142   0.7924
8.52   -0.1   0.07758   0.7863
8.53   -0.15   0.08366   0.7801
8.54   -0.2   0.08966   0.7738
8.55   -0.25   0.09558   0.7674
8.56   -0.3   0.1014   0.761
8.57   -0.35   0.1071   0.7544
8.58   -0.4   0.1128   0.7478
8.59   -0.45   0.1183   0.7411
8.6   -0.5   0.1238   0.7344
8.61   -0.55   0.1291   0.7276
8.62   -0.6   0.1343   0.7207
8.63   -0.65   0.1394   0.7137
8.64   -0.7   0.1443   0.7067
8.65   -0.75   0.1492   0.6996
8.66   -0.8   0.1539   0.6924
8.67   -0.85   0.1584   0.6851
8.68   -0.9   0.1628   0.6778
8.69   -0.95   0.1671   0.6704
8.7   -1   0.1712   0.663
8.71   -1.05   0.1752   0.6554
8.72   -1.1   0.179   0.6479
8.73   -1.15   0.1827   0.6402
8.74   -1.2   0.1862   0.6325
8.75   -1.25   0.1895   0.6247
8.76   -1.3   0.1927   0.6169
8.77   -1.35   0.1956   0.609
8.78   -1.4   0.1984   0.601
8.79   -1.45   0.2011   0.593
8.8   -1.5   0.2035   0.5849
8.81   -1.55   0.2057   0.5768
8.82   -1.6   0.2078   0.5686
8.83   -1.65   0.2096   0.5603
8.84   -1.7   0.2113   0.552
8.85   -1.75   0.2127   0.5436
8.86   -1.8   0.214   0.5352
8.87   -1.85   0.215   0.5268
8.88   -1.9   0.2158   0.5182
8.89   -1.95   0.2164   0.5097
8.9   -2   0.2168   0.501
8.91   -2.05   0.217   0.4923
8.92   -2.1   0.2169   0.4836
8.93   -2.15   0.2167   0.4748
8.94   -2.2   0.2162   0.466
8.95   -2.25   0.2154   0.4571
8.96   -2.3   0.2144   0.4482
8.97   -2.35   0.2132   0.4393
8.98   -2.4   0.2118   0.4303
8.99   -2.45   0.2101   0.4212
9   -2.5   0.2082   0.4121
9.01   -2.45   0.206   0.403
9.02   -2.4   0.2035   0.3938
9.03   -2.35   0.2009   0.3846
9.04   -2.3   0.198   0.3754
9.05   -2.25   0.1948   0.3661
9.06   -2.2   0.1915   0.3567
9.07   -2.15   0.1879   0.3474
9.08   -2.1   0.1841   0.338
9.09   -2.05   0.1802   0.3286
9.1   -2   0.176   0.3191
9.11   -1.95   0.1717   0.3096
9.12   -1.9   0.1672   0.3001
9.13   -1.85   0.1625   0.2905
9.14   -1.8   0.1577   0.2809
9.15   -1.75   0.1527   0.2713
9.16   -1.7   0.1476   0.2617
9.17   -1.65   0.1423   0.252
9.18   -1.6   0.1369   0.2423
9.19   -1.55   0.1314   0.2326
9.2   -1.5   0.1257   0.2229
9.21   -1.45   0.12   0.2131
9.22   -1.4   0.1141   0.2033
9.23   -1.35   0.1081   0.1935
9.24   -1.3   0.1021   0.1837
9.25   -1.25   0.09594   0.1739
9.26   -1.2   0.08973   0.164
9.27   -1.15   0.08343   0.1542
9.28   -1.1   0.07708   0.1443
9.29   -1.05   0.07066   0.1344
9.3   -1   0.06419   0.1245
9.31   -0.95   0.05768   0.1145
9.32   -0.9   0.05112   0.1046
9.33   -0.85   0.04452   0.09464
9.34   -0.8   0.0379   0.08468
9.35   -0.75   0.03126   0.07471
9.36   -0.7   0.02459   0.06473
9.37   -0.65   0.01792   0.05475
9.38   -0.6   0.01124   0.04476
9.39   -0.55   0.004557   0.03477
9.4   -0.5   -0.002118   0.02478
9.41   -0.45   -0.008781   0.01478
9.42   -0.4   -0.01543   0.004778
9.43   -0.35   -0.02205   -0.005222
9.44   -0.3   -0.02865   -0.01522
9.45   -0.25   -0.03521   -0.02522
9.46   -0.2   -0.04174   -0.03521
9.47   -0.15   -0.04822   -0.04521
9.48   -0.1   -0.05465   -0.05519
9.49   -0.05   -0.06103   -0.06518
9.5   -7.905e-13   -0.06735   -0.07515
9.51   0.05   -0.0736   -0.08512
9.52   0.1   -0.07979   -0.09508
9.53   0.15   -0.0859   -0.105
9.54   0.2   -0.09193   -0.115
9.55   0.25   -0.09788   -0.1249
9.56   0.3   -0.1037   -0.1348
9.57   0.35   -0.1095   -0.1447
9.58   0.4   -0.1152   -0.1546
9.59   0.45   -0.1207   -0.1645
9.6   0.5   -0.1262   -0.1743
9.61   0.55   -0.1315   -0.1842
9.62   0.6   -0.1368   -0.194
9.63   0.65   -0.1419   -0.2038
9.64   0.7   -0.1469   -0.2136
9.65   0.75   -0.1517   -0.2233
9.66   0.8   -0.1564   -0.2331
9.67   0.85   -0.161   -0.2428
9.68   0.9   -0.1655   -0.2525
9.69   0.95   -0.1698   -0.2621
9.7   1   -0.1739   -0.2718
9.71   1.05   -0.1779   -0.2814
9.72   1.1   -0.1818   -0.291
9.73   1.15   -0.1854   -0.3005
9.74   1.2   -0.1889   -0.31
9.75   1.25   -0.1923   -0.3195
9.76   1.3   -0.1955   -0.329
9.77   1.35   -0.1984   -0.3384
9.78   1.4   -0.2013   -0.3478
9.79   1.45   -0.2039   -0.3572
9.8   1.5   -0.2063   -0.3665
9.81   1.55   -0.2086   -0.3758
9.82   1.6   -0.2107   -0.385
9.83   1.65   -0.2125   -0.3942
9.84   1.7   -0.2142   -0.4034
9.85   1.75   -0.2157   -0.4125
9.86   1.8   -0.2169   -0.4216
9.87   1.85   -0.218   -0.4307
9.88   1.9   -0.2188   -0.4397
9.89   1.95   -0.2194   -0.4486
9.9   2   -0.2198   -0.4575
9.91   2.05   -0.22   -0.4664
9.92   2.1   -0.22   -0.4752
9.93   2.15   -0.2197   -0.484
9.94   2.2   -0.2192   -0.4927
9.95   2.25   -0.2185   -0.5014
9.96   2.3   -0.2175   -0.51
9.97   2.35   -0.2163   -0.5186
9.98   2.4   -0.2149   -0.5271
9.99   2.45   -0.2132   -0.5356
10   2.5   -0.2113   -0.544
10.01   2.45   -0.2091   -0.5524
