#Premier Ordre :
#1 - Exemple 1
#2 - Circuit A
#3 - Circuit B
#Deuxième Ordre :
#4 - Exemple 2
#5 - Circuit C
#6 - Circuit D
#Choisir la source ?
#1 - Echelon
#2 - Porte
#3 - Carre
#4 - Triangle
#5 - Rampe f(t)=-3*t (Exemple1)
#6 - Nulle (Exemple 2)
#Valeur de R (Ohm) : 
#Valeur de L (Henry) : 
#Valeur de C (Farad) : 
#Temps   ESM   Vs   
0.01   5   0
0.02   5   0
0.03   5   0
0.04   5   0
0.05   5   0
0.06   5   0
0.07   5   0
0.08   5   0
0.09   5   0
0.1   5   0
0.11   5   0
0.12   5   0
0.13   5   0
0.14   5   0
0.15   5   0
0.16   5   0
0.17   5   0
0.18   5   0
0.19   5   0
0.2   0   0
0.21   0   0
0.22   0   -0.05
0.23   0   -0.0995
0.24   0   -0.1485
0.25   0   -0.197
0.26   0   -0.245
0.27   0   -0.2925
0.28   0   -0.3395
0.29   0   -0.386
0.3   0   -0.432
0.31   0   -0.4775
0.32   0   -0.5225
0.33   0   -0.567
0.34   0   -0.611
0.35   0   -0.6545
0.36   0   -0.6976
0.37   0   -0.7401
0.38   0   -0.7821
0.39   0   -0.8236
0.4   0   -0.8647
0.41   0   -0.9052
0.42   0   -0.9453
0.43   0   -0.9849
0.44   0   -1.024
0.45   0   -1.063
0.46   0   -1.101
0.47   0   -1.138
0.48   0   -1.175
0.49   0   -1.212
0.5   0   -1.248
0.51   0   -1.284
0.52   0   -1.319
0.53   0   -1.354
0.54   0   -1.388
0.55   0   -1.422
0.56   0   -1.455
0.57   0   -1.488
0.58   0   -1.52
0.59   0   -1.552
0.6   0   -1.583
0.61   0   -1.614
0.62   0   -1.645
0.63   0   -1.675
0.64   0   -1.704
0.65   0   -1.733
0.66   0   -1.762
0.67   0   -1.79
0.68   0   -1.818
0.69   0   -1.845
0.7   0   -1.872
0.71   0   -1.898
0.72   0   -1.924
0.73   0   -1.949
0.74   0   -1.974
0.75   0   -1.999
0.76   0   -2.023
0.77   0   -2.046
0.78   0   -2.07
0.79   0   -2.092
0.8   0   -2.115
0.81   0   -2.137
0.82   0   -2.158
0.83   0   -2.179
0.84   0   -2.2
0.85   0   -2.22
0.86   0   -2.24
0.87   0   -2.259
0.88   0   -2.278
0.89   0   -2.297
0.9   0   -2.315
0.91   0   -2.332
0.92   0   -2.35
0.93   0   -2.367
0.94   0   -2.383
0.95   0   -2.399
0.96   0   -2.415
0.97   0   -2.43
0.98   0   -2.445
0.99   0   -2.459
1   5   -2.473
1.01   5   -2.487
1.02   5   -2.451
1.03   5   -2.414
1.04   5   -2.378
1.05   5   -2.341
1.06   5   -2.305
1.07   5   -2.269
1.08   5   -2.233
1.09   5   -2.197
1.1   5   -2.162
1.11   5   -2.126
1.12   5   -2.091
1.13   5   -2.055
1.14   5   -2.02
1.15   5   -1.985
1.16   5   -1.951
1.17   5   -1.916
1.18   5   -1.881
1.19   5   -1.847
1.2   5   -1.813
1.21   5   -1.779
1.22   5   -1.745
1.23   5   -1.711
1.24   5   -1.678
1.25   5   -1.644
1.26   5   -1.611
1.27   5   -1.578
1.28   5   -1.545
1.29   5   -1.512
1.3   5   -1.48
1.31   5   -1.448
1.32   5   -1.415
1.33   5   -1.383
1.34   5   -1.352
1.35   5   -1.32
1.36   5   -1.288
1.37   5   -1.257
1.38   5   -1.226
1.39   5   -1.195
1.4   5   -1.164
1.41   5   -1.134
1.42   5   -1.103
1.43   5   -1.073
1.44   5   -1.043
1.45   5   -1.013
1.46   5   -0.9839
1.47   5   -0.9545
1.48   5   -0.9253
1.49   5   -0.8963
1.5   5   -0.8675
1.51   5   -0.8388
1.52   5   -0.8104
1.53   5   -0.7822
1.54   5   -0.7542
1.55   5   -0.7264
1.56   5   -0.6988
1.57   5   -0.6714
1.58   5   -0.6442
1.59   5   -0.6172
1.6   5   -0.5904
1.61   5   -0.5638
1.62   5   -0.5375
1.63   5   -0.5113
1.64   5   -0.4853
1.65   5   -0.4596
1.66   5   -0.434
1.67   5   -0.4087
1.68   5   -0.3836
1.69   5   -0.3587
1.7   5   -0.334
1.71   5   -0.3095
1.72   5   -0.2852
1.73   5   -0.2611
1.74   5   -0.2373
1.75   5   -0.2137
1.76   5   -0.1902
1.77   5   -0.167
1.78   5   -0.144
1.79   5   -0.1212
1.8   5   -0.09864
1.81   5   -0.07628
1.82   5   -0.05413
1.83   5   -0.03219
1.84   5   -0.01047
1.85   5   0.01104
1.86   5   0.03233
1.87   5   0.05341
1.88   5   0.07427
1.89   5   0.09493
1.9   5   0.1154
1.91   5   0.1356
1.92   5   0.1556
1.93   5   0.1754
1.94   5   0.195
1.95   5   0.2143
1.96   5   0.2335
1.97   5   0.2524
1.98   5   0.2712
1.99   5   0.2897
2   5   0.308
2.01   5   0.3261
2.02   5   0.344
2.03   5   0.3616
2.04   5   0.3791
2.05   5   0.3963
2.06   5   0.4134
2.07   5   0.4302
2.08   5   0.4468
2.09   5   0.4632
2.1   5   0.4794
2.11   5   0.4954
2.12   5   0.5112
2.13   5   0.5268
2.14   5   0.5422
2.15   5   0.5573
2.16   5   0.5723
2.17   5   0.587
2.18   5   0.6016
2.19   5   0.6159
2.2   5   0.6301
2.21   0   0.644
2.22   0   0.6577
2.23   0   0.6213
2.24   0   0.5851
2.25   0   0.5492
2.26   0   0.5137
2.27   0   0.4784
2.28   0   0.4434
2.29   0   0.4088
2.3   0   0.3744
2.31   0   0.3403
2.32   0   0.3066
2.33   0   0.2731
2.34   0   0.24
2.35   0   0.2071
2.36   0   0.1746
2.37   0   0.1424
2.38   0   0.1104
2.39   0   0.0788
2.4   0   0.04748
2.41   0   0.01646
2.42   0   -0.01425
2.43   0   -0.04465
2.44   0   -0.07475
2.45   0   -0.1045
2.46   0   -0.134
2.47   0   -0.1632
2.48   0   -0.1921
2.49   0   -0.2207
2.5   0   -0.2489
2.51   0   -0.2769
2.52   0   -0.3046
2.53   0   -0.3319
2.54   0   -0.359
2.55   0   -0.3857
2.56   0   -0.4121
2.57   0   -0.4383
2.58   0   -0.4641
2.59   0   -0.4897
2.6   0   -0.5149
2.61   0   -0.5398
2.62   0   -0.5645
2.63   0   -0.5888
2.64   0   -0.6128
2.65   0   -0.6366
2.66   0   -0.66
2.67   0   -0.6831
2.68   0   -0.706
2.69   0   -0.7285
2.7   0   -0.7507
2.71   0   -0.7727
2.72   0   -0.7944
2.73   0   -0.8157
2.74   0   -0.8368
2.75   0   -0.8576
2.76   0   -0.878
2.77   0   -0.8982
2.78   0   -0.9181
2.79   0   -0.9378
2.8   0   -0.9571
2.81   0   -0.9761
2.82   0   -0.9949
2.83   0   -1.013
2.84   0   -1.032
2.85   0   -1.049
2.86   0   -1.067
2.87   0   -1.084
2.88   0   -1.101
2.89   0   -1.118
2.9   0   -1.135
2.91   0   -1.151
2.92   0   -1.167
2.93   0   -1.183
2.94   0   -1.198
2.95   0   -1.213
2.96   0   -1.228
2.97   0   -1.243
2.98   0   -1.257
2.99   0   -1.271
3   0   -1.285
3.01   5   -1.298
3.02   5   -1.311
3.03   5   -1.274
3.04   5   -1.238
3.05   5   -1.201
3.06   5   -1.165
3.07   5   -1.129
3.08   5   -1.093
3.09   5   -1.058
3.1   5   -1.022
3.11   5   -0.9872
3.12   5   -0.9523
3.13   5   -0.9178
3.14   5   -0.8835
3.15   5   -0.8494
3.16   5   -0.8156
3.17   5   -0.782
3.18   5   -0.7487
3.19   5   -0.7157
3.2   5   -0.6829
3.21   5   -0.6504
3.22   5   -0.6181
3.23   5   -0.5861
3.24   5   -0.5543
3.25   5   -0.5228
3.26   5   -0.4916
3.27   5   -0.4606
3.28   5   -0.4299
3.29   5   -0.3994
3.3   5   -0.3692
3.31   5   -0.3393
3.32   5   -0.3096
3.33   5   -0.2802
3.34   5   -0.251
3.35   5   -0.2222
3.36   5   -0.1935
3.37   5   -0.1652
3.38   5   -0.1371
3.39   5   -0.1093
3.4   5   -0.0817
3.41   5   -0.0544
3.42   5   -0.02736
3.43   5   -0.000593
3.44   5   0.02591
3.45   5   0.05215
3.46   5   0.07813
3.47   5   0.1038
3.48   5   0.1293
3.49   5   0.1545
3.5   5   0.1794
3.51   5   0.204
3.52   5   0.2284
3.53   5   0.2525
3.54   5   0.2764
3.55   5   0.3
3.56   5   0.3233
3.57   5   0.3464
3.58   5   0.3692
3.59   5   0.3917
3.6   5   0.414
3.61   5   0.436
3.62   5   0.4578
3.63   5   0.4793
3.64   5   0.5005
3.65   5   0.5215
3.66   5   0.5422
3.67   5   0.5626
3.68   5   0.5828
3.69   5   0.6028
3.7   5   0.6225
3.71   5   0.6419
3.72   5   0.661
3.73   5   0.68
3.74   5   0.6986
3.75   5   0.717
3.76   5   0.7352
3.77   5   0.7531
3.78   5   0.7707
3.79   5   0.7881
3.8   5   0.8052
3.81   5   0.8221
3.82   5   0.8387
3.83   5   0.8551
3.84   5   0.8713
3.85   5   0.8872
3.86   5   0.9028
3.87   5   0.9182
3.88   5   0.9334
3.89   5   0.9483
3.9   5   0.963
3.91   5   0.9774
3.92   5   0.9916
3.93   5   1.006
3.94   5   1.019
3.95   5   1.033
3.96   5   1.046
3.97   5   1.059
3.98   5   1.072
3.99   5   1.084
4   5   1.097
4.01   5   1.109
4.02   5   1.121
4.03   5   1.132
4.04   5   1.143
4.05   5   1.155
4.06   5   1.166
4.07   5   1.176
4.08   5   1.187
4.09   5   1.197
4.1   5   1.207
4.11   5   1.217
4.12   5   1.226
4.13   5   1.236
4.14   5   1.245
4.15   5   1.254
4.16   5   1.263
4.17   5   1.271
4.18   5   1.28
4.19   5   1.288
4.2   5   1.296
4.21   0   1.303
4.22   0   1.311
4.23   0   1.268
4.24   0   1.226
4.25   0   1.183
4.26   0   1.142
4.27   0   1.1
4.28   0   1.059
4.29   0   1.018
4.3   0   0.9773
4.31   0   0.9369
4.32   0   0.8969
4.33   0   0.8572
4.34   0   0.8178
4.35   0   0.7787
4.36   0   0.7399
4.37   0   0.7014
4.38   0   0.6633
4.39   0   0.6254
4.4   0   0.5879
4.41   0   0.5507
4.42   0   0.5137
4.43   0   0.4771
4.44   0   0.4409
4.45   0   0.4049
4.46   0   0.3692
4.47   0   0.3339
4.48   0   0.2989
4.49   0   0.2642
4.5   0   0.2298
4.51   0   0.1957
4.52   0   0.1619
4.53   0   0.1285
4.54   0   0.09539
4.55   0   0.06259
4.56   0   0.03011
4.57   0   -0.002052
4.58   0   -0.0339
4.59   0   -0.06542
4.6   0   -0.09663
4.61   0   -0.1275
4.62   0   -0.1581
4.63   0   -0.1883
4.64   0   -0.2183
4.65   0   -0.2479
4.66   0   -0.2772
4.67   0   -0.3062
4.68   0   -0.3348
4.69   0   -0.3632
4.7   0   -0.3912
4.71   0   -0.4189
4.72   0   -0.4463
4.73   0   -0.4734
4.74   0   -0.5001
4.75   0   -0.5266
4.76   0   -0.5527
4.77   0   -0.5785
4.78   0   -0.604
4.79   0   -0.6292
4.8   0   -0.6541
4.81   0   -0.6787
4.82   0   -0.7029
4.83   0   -0.7269
4.84   0   -0.7505
4.85   0   -0.7739
4.86   0   -0.7969
4.87   0   -0.8196
4.88   0   -0.842
4.89   0   -0.8641
4.9   0   -0.8859
4.91   0   -0.9074
4.92   0   -0.9286
4.93   0   -0.9495
4.94   0   -0.97
4.95   0   -0.9903
4.96   0   -1.01
4.97   0   -1.03
4.98   0   -1.049
4.99   0   -1.068
5   0   -1.087
5.01   5   -1.106
5.02   5   -1.124
5.03   5   -1.092
5.04   5   -1.06
5.05   5   -1.028
5.06   5   -0.9969
5.07   5   -0.9656
5.08   5   -0.9346
5.09   5   -0.9038
5.1   5   -0.8731
5.11   5   -0.8428
5.12   5   -0.8126
5.13   5   -0.7826
5.14   5   -0.7529
5.15   5   -0.7234
5.16   5   -0.6941
5.17   5   -0.665
5.18   5   -0.6361
5.19   5   -0.6075
5.2   5   -0.5791
5.21   5   -0.5509
5.22   5   -0.5229
5.23   5   -0.4952
5.24   5   -0.4677
5.25   5   -0.4404
5.26   5   -0.4133
5.27   5   -0.3865
5.28   5   -0.3599
5.29   5   -0.3335
5.3   5   -0.3073
5.31   5   -0.2814
5.32   5   -0.2557
5.33   5   -0.2302
5.34   5   -0.205
5.35   5   -0.18
5.36   5   -0.1552
5.37   5   -0.1307
5.38   5   -0.1063
5.39   5   -0.08224
5.4   5   -0.05838
5.41   5   -0.03475
5.42   5   -0.01135
5.43   5   0.01182
5.44   5   0.03476
5.45   5   0.05747
5.46   5   0.07995
5.47   5   0.1022
5.48   5   0.1242
5.49   5   0.146
5.5   5   0.1676
5.51   5   0.1889
5.52   5   0.21
5.53   5   0.2308
5.54   5   0.2515
5.55   5   0.2719
5.56   5   0.2921
5.57   5   0.312
5.58   5   0.3317
5.59   5   0.3512
5.6   5   0.3705
5.61   5   0.3895
5.62   5   0.4083
5.63   5   0.4269
5.64   5   0.4453
5.65   5   0.4634
5.66   5   0.4813
5.67   5   0.499
5.68   5   0.5164
5.69   5   0.5337
5.7   5   0.5507
5.71   5   0.5674
5.72   5   0.584
5.73   5   0.6003
5.74   5   0.6164
5.75   5   0.6323
5.76   5   0.648
5.77   5   0.6635
5.78   5   0.6787
5.79   5   0.6937
5.8   5   0.7085
5.81   5   0.7231
5.82   5   0.7374
5.83   5   0.7516
5.84   5   0.7655
5.85   5   0.7792
5.86   5   0.7927
5.87   5   0.806
5.88   5   0.8191
5.89   5   0.832
5.9   5   0.8446
5.91   5   0.8571
5.92   5   0.8693
5.93   5   0.8813
5.94   5   0.8932
5.95   5   0.9048
5.96   5   0.9162
5.97   5   0.9274
5.98   5   0.9384
5.99   5   0.9492
6   5   0.9598
6.01   5   0.9702
6.02   5   0.9804
6.03   5   0.9904
6.04   5   1
6.05   5   1.01
6.06   5   1.019
6.07   5   1.028
6.08   5   1.037
6.09   5   1.046
6.1   5   1.055
6.11   5   1.063
6.12   5   1.072
6.13   5   1.08
6.14   5   1.088
6.15   5   1.095
6.16   5   1.103
6.17   5   1.11
6.18   5   1.117
6.19   5   1.124
6.2   5   1.131
6.21   0   1.137
6.22   0   1.144
6.23   0   1.1
6.24   0   1.057
6.25   0   1.014
6.26   0   0.9708
6.27   0   0.9283
6.28   0   0.8862
6.29   0   0.8443
6.3   0   0.8029
6.31   0   0.7617
6.32   0   0.7209
6.33   0   0.6804
6.34   0   0.6402
6.35   0   0.6004
6.36   0   0.5609
6.37   0   0.5218
6.38   0   0.483
6.39   0   0.4445
6.4   0   0.4063
6.41   0   0.3685
6.42   0   0.3311
6.43   0   0.2939
6.44   0   0.2571
6.45   0   0.2207
6.46   0   0.1846
6.47   0   0.1488
6.48   0   0.1134
6.49   0   0.07826
6.5   0   0.0435
6.51   0   0.009085
6.52   0   -0.02499
6.53   0   -0.05873
6.54   0   -0.09213
6.55   0   -0.1252
6.56   0   -0.1579
6.57   0   -0.1903
6.58   0   -0.2223
6.59   0   -0.254
6.6   0   -0.2854
6.61   0   -0.3164
6.62   0   -0.3471
6.63   0   -0.3774
6.64   0   -0.4075
6.65   0   -0.4371
6.66   0   -0.4665
6.67   0   -0.4954
6.68   0   -0.5241
6.69   0   -0.5524
6.7   0   -0.5804
6.71   0   -0.6081
6.72   0   -0.6354
6.73   0   -0.6624
6.74   0   -0.689
6.75   0   -0.7153
6.76   0   -0.7413
6.77   0   -0.767
6.78   0   -0.7923
6.79   0   -0.8173
6.8   0   -0.8419
6.81   0   -0.8663
6.82   0   -0.8903
6.83   0   -0.914
6.84   0   -0.9373
6.85   0   -0.9604
6.86   0   -0.9831
6.87   0   -1.005
6.88   0   -1.028
6.89   0   -1.049
6.9   0   -1.071
6.91   0   -1.092
6.92   0   -1.113
6.93   0   -1.133
6.94   0   -1.153
6.95   0   -1.173
6.96   0   -1.193
6.97   0   -1.212
6.98   0   -1.231
6.99   0   -1.249
7   0   -1.267
7.01   5   -1.285
7.02   5   -1.303
7.03   5   -1.27
7.04   5   -1.238
7.05   5   -1.206
7.06   5   -1.174
7.07   5   -1.142
7.08   5   -1.11
7.09   5   -1.079
7.1   5   -1.048
7.11   5   -1.017
7.12   5   -0.9857
7.13   5   -0.9551
7.14   5   -0.9246
7.15   5   -0.8944
7.16   5   -0.8644
7.17   5   -0.8346
7.18   5   -0.8051
7.19   5   -0.7757
7.2   5   -0.7466
7.21   5   -0.7176
7.22   5   -0.6889
7.23   5   -0.6604
7.24   5   -0.6321
7.25   5   -0.604
7.26   5   -0.5762
7.27   5   -0.5485
7.28   5   -0.5211
7.29   5   -0.4939
7.3   5   -0.4669
7.31   5   -0.4402
7.32   5   -0.4136
7.33   5   -0.3873
7.34   5   -0.3612
7.35   5   -0.3353
7.36   5   -0.3097
7.37   5   -0.2842
7.38   5   -0.259
7.39   5   -0.2341
7.4   5   -0.2093
7.41   5   -0.1848
7.42   5   -0.1605
7.43   5   -0.1364
7.44   5   -0.1125
7.45   5   -0.08888
7.46   5   -0.06547
7.47   5   -0.04229
7.48   5   -0.01933
7.49   5   0.003407
7.5   5   0.02592
7.51   5   0.0482
7.52   5   0.07026
7.53   5   0.09209
7.54   5   0.1137
7.55   5   0.1351
7.56   5   0.1562
7.57   5   0.1772
7.58   5   0.1979
7.59   5   0.2184
7.6   5   0.2386
7.61   5   0.2586
7.62   5   0.2785
7.63   5   0.298
7.64   5   0.3174
7.65   5   0.3365
7.66   5   0.3554
7.67   5   0.3741
7.68   5   0.3926
7.69   5   0.4109
7.7   5   0.4289
7.71   5   0.4467
7.72   5   0.4643
7.73   5   0.4816
7.74   5   0.4988
7.75   5   0.5157
7.76   5   0.5324
7.77   5   0.5489
7.78   5   0.5652
7.79   5   0.5812
7.8   5   0.597
7.81   5   0.6126
7.82   5   0.628
7.83   5   0.6432
7.84   5   0.6582
7.85   5   0.673
7.86   5   0.6875
7.87   5   0.7018
7.88   5   0.716
7.89   5   0.7299
7.9   5   0.7436
7.91   5   0.757
7.92   5   0.7703
7.93   5   0.7834
7.94   5   0.7962
7.95   5   0.8089
7.96   5   0.8213
7.97   5   0.8336
7.98   5   0.8456
7.99   5   0.8575
8   5   0.8691
8.01   5   0.8805
8.02   5   0.8917
8.03   5   0.9028
8.04   5   0.9136
8.05   5   0.9242
8.06   5   0.9347
8.07   5   0.9449
8.08   5   0.9549
8.09   5   0.9648
8.1   5   0.9744
8.11   5   0.9839
8.12   5   0.9932
8.13   5   1.002
8.14   5   1.011
8.15   5   1.02
8.16   5   1.028
8.17   5   1.037
8.18   5   1.045
8.19   5   1.053
8.2   5   1.06
8.21   0   1.068
8.22   0   1.075
8.23   0   1.033
8.24   0   0.9902
8.25   0   0.9481
8.26   0   0.9063
8.27   0   0.8648
8.28   0   0.8236
8.29   0   0.7828
8.3   0   0.7422
8.31   0   0.7021
8.32   0   0.6622
8.33   0   0.6227
8.34   0   0.5835
8.35   0   0.5446
8.36   0   0.506
8.37   0   0.4678
8.38   0   0.4299
8.39   0   0.3924
8.4   0   0.3552
8.41   0   0.3183
8.42   0   0.2817
8.43   0   0.2455
8.44   0   0.2096
8.45   0   0.1741
8.46   0   0.1389
8.47   0   0.104
8.48   0   0.06944
8.49   0   0.03523
8.5   0   0.00135
8.51   0   -0.03219
8.52   0   -0.06539
8.53   0   -0.09826
8.54   0   -0.1308
8.55   0   -0.163
8.56   0   -0.1949
8.57   0   -0.2264
8.58   0   -0.2576
8.59   0   -0.2884
8.6   0   -0.319
8.61   0   -0.3492
8.62   0   -0.379
8.63   0   -0.4085
8.64   0   -0.4377
8.65   0   -0.4666
8.66   0   -0.4951
8.67   0   -0.5233
8.68   0   -0.5512
8.69   0   -0.5787
8.7   0   -0.6059
8.71   0   -0.6328
8.72   0   -0.6593
8.73   0   -0.6855
8.74   0   -0.7114
8.75   0   -0.737
8.76   0   -0.7622
8.77   0   -0.7871
8.78   0   -0.8117
8.79   0   -0.836
8.8   0   -0.8599
8.81   0   -0.8835
8.82   0   -0.9068
8.83   0   -0.9297
8.84   0   -0.9524
8.85   0   -0.9747
8.86   0   -0.9967
8.87   0   -1.018
8.88   0   -1.04
8.89   0   -1.061
8.9   0   -1.082
8.91   0   -1.102
8.92   0   -1.122
8.93   0   -1.142
8.94   0   -1.161
8.95   0   -1.181
8.96   0   -1.199
8.97   0   -1.218
8.98   0   -1.236
8.99   0   -1.254
9   0   -1.272
9.01   5   -1.289
9.02   5   -1.306
9.03   5   -1.273
9.04   5   -1.24
9.05   5   -1.207
9.06   5   -1.175
9.07   5   -1.142
9.08   5   -1.11
9.09   5   -1.078
9.1   5   -1.046
9.11   5   -1.015
9.12   5   -0.9831
9.13   5   -0.952
9.14   5   -0.921
9.15   5   -0.8903
9.16   5   -0.8597
9.17   5   -0.8294
9.18   5   -0.7993
9.19   5   -0.7695
9.2   5   -0.7398
9.21   5   -0.7104
9.22   5   -0.6811
9.23   5   -0.6522
9.24   5   -0.6234
9.25   5   -0.5948
9.26   5   -0.5665
9.27   5   -0.5384
9.28   5   -0.5105
9.29   5   -0.4829
9.3   5   -0.4554
9.31   5   -0.4282
9.32   5   -0.4012
9.33   5   -0.3745
9.34   5   -0.348
9.35   5   -0.3217
9.36   5   -0.2956
9.37   5   -0.2698
9.38   5   -0.2442
9.39   5   -0.2188
9.4   5   -0.1936
9.41   5   -0.1687
9.42   5   -0.144
9.43   5   -0.1195
9.44   5   -0.09531
9.45   5   -0.07131
9.46   5   -0.04754
9.47   5   -0.024
9.48   5   -0.0006854
9.49   5   0.02239
9.5   5   0.04524
9.51   5   0.06786
9.52   5   0.09025
9.53   5   0.1124
9.54   5   0.1343
9.55   5   0.156
9.56   5   0.1775
9.57   5   0.1987
9.58   5   0.2197
9.59   5   0.2405
9.6   5   0.2611
9.61   5   0.2814
9.62   5   0.3015
9.63   5   0.3213
9.64   5   0.3409
9.65   5   0.3603
9.66   5   0.3795
9.67   5   0.3985
9.68   5   0.4172
9.69   5   0.4357
9.7   5   0.4539
9.71   5   0.472
9.72   5   0.4898
9.73   5   0.5074
9.74   5   0.5247
9.75   5   0.5419
9.76   5   0.5588
9.77   5   0.5755
9.78   5   0.5919
9.79   5   0.6082
9.8   5   0.6242
9.81   5   0.64
9.82   5   0.6556
9.83   5   0.6709
9.84   5   0.6861
9.85   5   0.701
9.86   5   0.7157
9.87   5   0.7302
9.88   5   0.7445
9.89   5   0.7585
9.9   5   0.7724
9.91   5   0.786
9.92   5   0.7994
9.93   5   0.8126
9.94   5   0.8256
9.95   5   0.8384
9.96   5   0.851
9.97   5   0.8633
9.98   5   0.8755
9.99   5   0.8874
10   5   0.8991
10.01   5   0.9107
