#Premier Ordre :
#1 - Exemple 1
#2 - Circuit A
#3 - Circuit B
#Deuxième Ordre :
#4 - Exemple 2
#5 - Circuit C
#6 - Circuit D
#Choisir la source ?
#1 - Echelon
#2 - Porte
#3 - Carre
#4 - Triangle
#5 - Rampe f(t)=-3*t (Exemple1)
#6 - Nulle (Exemple 2)
#Temps   Entree   Sortie-Solution   Sinus(sol exact)   
0.01   0   0.01   0.01
0.02   0   0.02   0.02
0.03   0   0.03   0.03
0.04   0   0.04   0.03999
0.05   0   0.04999   0.04998
0.06   0   0.05998   0.05996
0.07   0   0.06997   0.06994
0.08   0   0.07994   0.07991
0.09   0   0.08992   0.08988
0.1   0   0.09988   0.09983
0.11   0   0.1098   0.1098
0.12   0   0.1198   0.1197
0.13   0   0.1297   0.1296
0.14   0   0.1396   0.1395
0.15   0   0.1495   0.1494
0.16   0   0.1594   0.1593
0.17   0   0.1693   0.1692
0.18   0   0.1792   0.179
0.19   0   0.189   0.1889
0.2   0   0.1989   0.1987
0.21   0   0.2087   0.2085
0.22   0   0.2185   0.2182
0.23   0   0.2282   0.228
0.24   0   0.238   0.2377
0.25   0   0.2477   0.2474
0.26   0   0.2574   0.2571
0.27   0   0.2671   0.2667
0.28   0   0.2767   0.2764
0.29   0   0.2864   0.286
0.3   0   0.296   0.2955
0.31   0   0.3055   0.3051
0.32   0   0.3151   0.3146
0.33   0   0.3246   0.324
0.34   0   0.334   0.3335
0.35   0   0.3435   0.3429
0.36   0   0.3529   0.3523
0.37   0   0.3623   0.3616
0.38   0   0.3716   0.3709
0.39   0   0.3809   0.3802
0.4   0   0.3902   0.3894
0.41   0   0.3994   0.3986
0.42   0   0.4086   0.4078
0.43   0   0.4178   0.4169
0.44   0   0.4269   0.4259
0.45   0   0.4359   0.435
0.46   0   0.445   0.4439
0.47   0   0.4539   0.4529
0.48   0   0.4629   0.4618
0.49   0   0.4718   0.4706
0.5   0   0.4806   0.4794
0.51   0   0.4894   0.4882
0.52   0   0.4982   0.4969
0.53   0   0.5069   0.5055
0.54   0   0.5155   0.5141
0.55   0   0.5241   0.5227
0.56   0   0.5327   0.5312
0.57   0   0.5412   0.5396
0.58   0   0.5496   0.548
0.59   0   0.558   0.5564
0.6   0   0.5663   0.5646
0.61   0   0.5746   0.5729
0.62   0   0.5828   0.581
0.63   0   0.591   0.5891
0.64   0   0.5991   0.5972
0.65   0   0.6071   0.6052
0.66   0   0.6151   0.6131
0.67   0   0.6231   0.621
0.68   0   0.6309   0.6288
0.69   0   0.6387   0.6365
0.7   0   0.6465   0.6442
0.71   0   0.6541   0.6518
0.72   0   0.6617   0.6594
0.73   0   0.6693   0.6669
0.74   0   0.6768   0.6743
0.75   0   0.6842   0.6816
0.76   0   0.6915   0.6889
0.77   0   0.6988   0.6961
0.78   0   0.706   0.7033
0.79   0   0.7131   0.7104
0.8   0   0.7202   0.7174
0.81   0   0.7272   0.7243
0.82   0   0.7341   0.7311
0.83   0   0.741   0.7379
0.84   0   0.7478   0.7446
0.85   0   0.7545   0.7513
0.86   0   0.7611   0.7578
0.87   0   0.7676   0.7643
0.88   0   0.7741   0.7707
0.89   0   0.7805   0.7771
0.9   0   0.7868   0.7833
0.91   0   0.7931   0.7895
0.92   0   0.7993   0.7956
0.93   0   0.8053   0.8016
0.94   0   0.8113   0.8076
0.95   0   0.8173   0.8134
0.96   0   0.8231   0.8192
0.97   0   0.8289   0.8249
0.98   0   0.8346   0.8305
0.99   0   0.8402   0.836
1   0   0.8457   0.8415
1.01   0   0.8511   0.8468
1.02   0   0.8564   0.8521
1.03   0   0.8617   0.8573
1.04   0   0.8669   0.8624
1.05   0   0.872   0.8674
1.06   0   0.877   0.8724
1.07   0   0.8819   0.8772
1.08   0   0.8867   0.882
1.09   0   0.8915   0.8866
1.1   0   0.8961   0.8912
1.11   0   0.9007   0.8957
1.12   0   0.9051   0.9001
1.13   0   0.9095   0.9044
1.14   0   0.9138   0.9086
1.15   0   0.918   0.9128
1.16   0   0.9221   0.9168
1.17   0   0.9261   0.9208
1.18   0   0.9301   0.9246
1.19   0   0.9339   0.9284
1.2   0   0.9376   0.932
1.21   0   0.9413   0.9356
1.22   0   0.9448   0.9391
1.23   0   0.9483   0.9425
1.24   0   0.9517   0.9458
1.25   0   0.9549   0.949
1.26   0   0.9581   0.9521
1.27   0   0.9612   0.9551
1.28   0   0.9642   0.958
1.29   0   0.967   0.9608
1.3   0   0.9698   0.9636
1.31   0   0.9725   0.9662
1.32   0   0.9751   0.9687
1.33   0   0.9776   0.9711
1.34   0   0.98   0.9735
1.35   0   0.9823   0.9757
1.36   0   0.9845   0.9779
1.37   0   0.9866   0.9799
1.38   0   0.9886   0.9819
1.39   0   0.9906   0.9837
1.4   0   0.9924   0.9854
1.41   0   0.9941   0.9871
1.42   0   0.9957   0.9887
1.43   0   0.9972   0.9901
1.44   0   0.9986   0.9915
1.45   0   0.9999   0.9927
1.46   0   1.001   0.9939
1.47   0   1.002   0.9949
1.48   0   1.003   0.9959
1.49   0   1.004   0.9967
1.5   0   1.005   0.9975
1.51   0   1.006   0.9982
1.52   0   1.006   0.9987
1.53   0   1.007   0.9992
1.54   0   1.007   0.9995
1.55   0   1.008   0.9998
1.56   0   1.008   0.9999
1.57   0   1.008   1
1.58   0   1.008   1
1.59   0   1.008   0.9998
1.6   0   1.008   0.9996
1.61   0   1.007   0.9992
1.62   0   1.007   0.9988
1.63   0   1.006   0.9982
1.64   0   1.006   0.9976
1.65   0   1.005   0.9969
1.66   0   1.004   0.996
1.67   0   1.003   0.9951
1.68   0   1.002   0.994
1.69   0   1.001   0.9929
1.7   0   1   0.9917
1.71   0   0.9988   0.9903
1.72   0   0.9974   0.9889
1.73   0   0.9959   0.9874
1.74   0   0.9943   0.9857
1.75   0   0.9926   0.984
1.76   0   0.9908   0.9822
1.77   0   0.9889   0.9802
1.78   0   0.987   0.9782
1.79   0   0.9849   0.9761
1.8   0   0.9827   0.9738
1.81   0   0.9804   0.9715
1.82   0   0.978   0.9691
1.83   0   0.9755   0.9666
1.84   0   0.9729   0.964
1.85   0   0.9702   0.9613
1.86   0   0.9674   0.9585
1.87   0   0.9646   0.9556
1.88   0   0.9616   0.9526
1.89   0   0.9585   0.9495
1.9   0   0.9554   0.9463
1.91   0   0.9521   0.943
1.92   0   0.9487   0.9396
1.93   0   0.9453   0.9362
1.94   0   0.9417   0.9326
1.95   0   0.9381   0.929
1.96   0   0.9343   0.9252
1.97   0   0.9305   0.9214
1.98   0   0.9266   0.9174
1.99   0   0.9226   0.9134
2   0   0.9185   0.9093
2.01   0   0.9143   0.9051
2.02   0   0.91   0.9008
2.03   0   0.9056   0.8964
2.04   0   0.9011   0.8919
2.05   0   0.8965   0.8874
2.06   0   0.8919   0.8827
2.07   0   0.8871   0.878
2.08   0   0.8823   0.8731
2.09   0   0.8774   0.8682
2.1   0   0.8724   0.8632
2.11   0   0.8673   0.8581
2.12   0   0.8621   0.8529
2.13   0   0.8568   0.8477
2.14   0   0.8514   0.8423
2.15   0   0.846   0.8369
2.16   0   0.8405   0.8314
2.17   0   0.8348   0.8258
2.18   0   0.8291   0.8201
2.19   0   0.8233   0.8143
2.2   0   0.8175   0.8085
2.21   0   0.8115   0.8026
2.22   0   0.8055   0.7966
2.23   0   0.7994   0.7905
2.24   0   0.7932   0.7843
2.25   0   0.7869   0.7781
2.26   0   0.7806   0.7718
2.27   0   0.7741   0.7654
2.28   0   0.7676   0.7589
2.29   0   0.761   0.7523
2.3   0   0.7544   0.7457
2.31   0   0.7476   0.739
2.32   0   0.7408   0.7322
2.33   0   0.7339   0.7254
2.34   0   0.727   0.7185
2.35   0   0.7199   0.7115
2.36   0   0.7128   0.7044
2.37   0   0.7056   0.6973
2.38   0   0.6984   0.6901
2.39   0   0.6911   0.6828
2.4   0   0.6837   0.6755
2.41   0   0.6762   0.6681
2.42   0   0.6687   0.6606
2.43   0   0.6611   0.653
2.44   0   0.6534   0.6454
2.45   0   0.6457   0.6378
2.46   0   0.6379   0.63
2.47   0   0.63   0.6222
2.48   0   0.6221   0.6144
2.49   0   0.6141   0.6065
2.5   0   0.6061   0.5985
2.51   0   0.598   0.5904
2.52   0   0.5898   0.5823
2.53   0   0.5816   0.5742
2.54   0   0.5733   0.566
2.55   0   0.5649   0.5577
2.56   0   0.5565   0.5494
2.57   0   0.548   0.541
2.58   0   0.5395   0.5325
2.59   0   0.5309   0.524
2.6   0   0.5223   0.5155
2.61   0   0.5136   0.5069
2.62   0   0.5049   0.4983
2.63   0   0.4961   0.4896
2.64   0   0.4873   0.4808
2.65   0   0.4784   0.472
2.66   0   0.4695   0.4632
2.67   0   0.4605   0.4543
2.68   0   0.4515   0.4454
2.69   0   0.4424   0.4364
2.7   0   0.4333   0.4274
2.71   0   0.4241   0.4183
2.72   0   0.4149   0.4092
2.73   0   0.4057   0.4001
2.74   0   0.3964   0.3909
2.75   0   0.387   0.3817
2.76   0   0.3777   0.3724
2.77   0   0.3683   0.3631
2.78   0   0.3588   0.3538
2.79   0   0.3493   0.3444
2.8   0   0.3398   0.335
2.81   0   0.3302   0.3255
2.82   0   0.3207   0.3161
2.83   0   0.311   0.3066
2.84   0   0.3014   0.297
2.85   0   0.2917   0.2875
2.86   0   0.282   0.2779
2.87   0   0.2722   0.2683
2.88   0   0.2625   0.2586
2.89   0   0.2527   0.2489
2.9   0   0.2428   0.2392
2.91   0   0.233   0.2295
2.92   0   0.2231   0.2198
2.93   0   0.2132   0.21
2.94   0   0.2033   0.2002
2.95   0   0.1934   0.1904
2.96   0   0.1834   0.1806
2.97   0   0.1734   0.1708
2.98   0   0.1634   0.1609
2.99   0   0.1534   0.151
3   0   0.1434   0.1411
3.01   0   0.1333   0.1312
3.02   0   0.1232   0.1213
3.03   0   0.1132   0.1114
3.04   0   0.1031   0.1014
3.05   0   0.09297   0.09146
3.06   0   0.08286   0.0815
3.07   0   0.07274   0.07153
3.08   0   0.06261   0.06155
3.09   0   0.05248   0.05157
3.1   0   0.04234   0.04158
3.11   0   0.03219   0.03159
3.12   0   0.02204   0.02159
3.13   0   0.01188   0.01159
3.14   0   0.001724   0.001593
3.15   0   -0.008434   -0.008407
3.16   0   -0.01859   -0.01841
3.17   0   -0.02875   -0.0284
3.18   0   -0.03891   -0.0384
3.19   0   -0.04906   -0.04839
3.2   0   -0.05921   -0.05837
3.21   0   -0.06935   -0.06835
3.22   0   -0.07949   -0.07833
3.23   0   -0.08962   -0.08829
3.24   0   -0.09974   -0.09825
3.25   0   -0.1099   -0.1082
3.26   0   -0.12   -0.1181
3.27   0   -0.1301   -0.1281
3.28   0   -0.1401   -0.138
3.29   0   -0.1502   -0.1479
3.3   0   -0.1603   -0.1577
3.31   0   -0.1703   -0.1676
3.32   0   -0.1803   -0.1775
3.33   0   -0.1903   -0.1873
3.34   0   -0.2003   -0.1971
3.35   0   -0.2103   -0.2069
3.36   0   -0.2202   -0.2167
3.37   0   -0.2302   -0.2264
3.38   0   -0.2401   -0.2362
3.39   0   -0.25   -0.2459
3.4   0   -0.2598   -0.2555
3.41   0   -0.2696   -0.2652
3.42   0   -0.2795   -0.2748
3.43   0   -0.2892   -0.2844
3.44   0   -0.299   -0.294
3.45   0   -0.3087   -0.3035
3.46   0   -0.3184   -0.3131
3.47   0   -0.3281   -0.3225
3.48   0   -0.3377   -0.332
3.49   0   -0.3473   -0.3414
3.5   0   -0.3569   -0.3508
3.51   0   -0.3664   -0.3601
3.52   0   -0.3759   -0.3694
3.53   0   -0.3853   -0.3787
3.54   0   -0.3948   -0.388
3.55   0   -0.4041   -0.3971
3.56   0   -0.4135   -0.4063
3.57   0   -0.4228   -0.4154
3.58   0   -0.4321   -0.4245
3.59   0   -0.4413   -0.4335
3.6   0   -0.4504   -0.4425
3.61   0   -0.4596   -0.4515
3.62   0   -0.4687   -0.4604
3.63   0   -0.4777   -0.4692
3.64   0   -0.4867   -0.478
3.65   0   -0.4956   -0.4868
3.66   0   -0.5045   -0.4955
3.67   0   -0.5134   -0.5042
3.68   0   -0.5222   -0.5128
3.69   0   -0.5309   -0.5213
3.7   0   -0.5396   -0.5298
3.71   0   -0.5483   -0.5383
3.72   0   -0.5568   -0.5467
3.73   0   -0.5654   -0.555
3.74   0   -0.5739   -0.5633
3.75   0   -0.5823   -0.5716
3.76   0   -0.5906   -0.5797
3.77   0   -0.5989   -0.5879
3.78   0   -0.6072   -0.5959
3.79   0   -0.6154   -0.6039
3.8   0   -0.6235   -0.6119
3.81   0   -0.6316   -0.6197
3.82   0   -0.6396   -0.6276
3.83   0   -0.6475   -0.6353
3.84   0   -0.6554   -0.643
3.85   0   -0.6632   -0.6506
3.86   0   -0.6709   -0.6582
3.87   0   -0.6786   -0.6657
3.88   0   -0.6862   -0.6731
3.89   0   -0.6937   -0.6805
3.9   0   -0.7012   -0.6878
3.91   0   -0.7086   -0.695
3.92   0   -0.7159   -0.7021
3.93   0   -0.7232   -0.7092
3.94   0   -0.7304   -0.7162
3.95   0   -0.7375   -0.7232
3.96   0   -0.7446   -0.7301
3.97   0   -0.7515   -0.7369
3.98   0   -0.7584   -0.7436
3.99   0   -0.7653   -0.7502
4   0   -0.772   -0.7568
4.01   0   -0.7787   -0.7633
4.02   0   -0.7853   -0.7697
4.03   0   -0.7918   -0.7761
4.04   0   -0.7982   -0.7823
4.05   0   -0.8046   -0.7885
4.06   0   -0.8108   -0.7946
4.07   0   -0.817   -0.8007
4.08   0   -0.8232   -0.8066
4.09   0   -0.8292   -0.8125
4.1   0   -0.8351   -0.8183
4.11   0   -0.841   -0.824
4.12   0   -0.8468   -0.8296
4.13   0   -0.8525   -0.8352
4.14   0   -0.8581   -0.8406
4.15   0   -0.8636   -0.846
4.16   0   -0.8691   -0.8513
4.17   0   -0.8744   -0.8565
4.18   0   -0.8797   -0.8616
4.19   0   -0.8849   -0.8666
4.2   0   -0.89   -0.8716
4.21   0   -0.895   -0.8764
4.22   0   -0.8999   -0.8812
4.23   0   -0.9048   -0.8859
4.24   0   -0.9095   -0.8905
4.25   0   -0.9141   -0.895
4.26   0   -0.9187   -0.8994
4.27   0   -0.9232   -0.9037
4.28   0   -0.9275   -0.908
4.29   0   -0.9318   -0.9121
4.3   0   -0.936   -0.9162
4.31   0   -0.9401   -0.9201
4.32   0   -0.9441   -0.924
4.33   0   -0.948   -0.9278
4.34   0   -0.9518   -0.9315
4.35   0   -0.9556   -0.9351
4.36   0   -0.9592   -0.9386
4.37   0   -0.9627   -0.942
4.38   0   -0.9661   -0.9453
4.39   0   -0.9695   -0.9485
4.4   0   -0.9727   -0.9516
4.41   0   -0.9759   -0.9546
4.42   0   -0.9789   -0.9576
4.43   0   -0.9819   -0.9604
4.44   0   -0.9847   -0.9631
4.45   0   -0.9875   -0.9658
4.46   0   -0.9901   -0.9683
4.47   0   -0.9927   -0.9708
4.48   0   -0.9951   -0.9731
4.49   0   -0.9975   -0.9754
4.5   0   -0.9997   -0.9775
4.51   0   -1.002   -0.9796
4.52   0   -1.004   -0.9816
4.53   0   -1.006   -0.9834
4.54   0   -1.008   -0.9852
4.55   0   -1.01   -0.9868
4.56   0   -1.011   -0.9884
4.57   0   -1.013   -0.9899
4.58   0   -1.014   -0.9912
4.59   0   -1.016   -0.9925
4.6   0   -1.017   -0.9937
4.61   0   -1.018   -0.9948
4.62   0   -1.019   -0.9957
4.63   0   -1.02   -0.9966
4.64   0   -1.021   -0.9974
4.65   0   -1.022   -0.9981
4.66   0   -1.022   -0.9986
4.67   0   -1.023   -0.9991
4.68   0   -1.023   -0.9995
4.69   0   -1.023   -0.9997
4.7   0   -1.024   -0.9999
4.71   0   -1.024   -1
4.72   0   -1.024   -1
4.73   0   -1.024   -0.9998
4.74   0   -1.024   -0.9996
4.75   0   -1.023   -0.9993
4.76   0   -1.023   -0.9989
4.77   0   -1.022   -0.9983
4.78   0   -1.022   -0.9977
4.79   0   -1.021   -0.997
4.8   0   -1.02   -0.9962
4.81   0   -1.019   -0.9952
4.82   0   -1.018   -0.9942
4.83   0   -1.017   -0.9931
4.84   0   -1.016   -0.9919
4.85   0   -1.015   -0.9905
4.86   0   -1.013   -0.9891
4.87   0   -1.012   -0.9876
4.88   0   -1.01   -0.986
4.89   0   -1.009   -0.9843
4.9   0   -1.007   -0.9825
4.91   0   -1.005   -0.9805
4.92   0   -1.003   -0.9785
4.93   0   -1.001   -0.9764
4.94   0   -0.9986   -0.9742
4.95   0   -0.9963   -0.9719
4.96   0   -0.9939   -0.9695
4.97   0   -0.9914   -0.967
4.98   0   -0.9888   -0.9644
4.99   0   -0.9861   -0.9617
5   0   -0.9832   -0.9589
5.01   0   -0.9803   -0.956
5.02   0   -0.9773   -0.9531
5.03   0   -0.9742   -0.95
5.04   0   -0.971   -0.9468
5.05   0   -0.9677   -0.9435
5.06   0   -0.9643   -0.9402
5.07   0   -0.9608   -0.9367
5.08   0   -0.9573   -0.9332
5.09   0   -0.9536   -0.9295
5.1   0   -0.9498   -0.9258
5.11   0   -0.9459   -0.922
5.12   0   -0.9419   -0.9181
5.13   0   -0.9379   -0.9141
5.14   0   -0.9337   -0.91
5.15   0   -0.9295   -0.9058
5.16   0   -0.9251   -0.9015
5.17   0   -0.9207   -0.8971
5.18   0   -0.9161   -0.8926
5.19   0   -0.9115   -0.8881
5.2   0   -0.9068   -0.8835
5.21   0   -0.902   -0.8787
5.22   0   -0.8971   -0.8739
5.23   0   -0.8921   -0.869
5.24   0   -0.887   -0.864
5.25   0   -0.8819   -0.8589
5.26   0   -0.8766   -0.8538
5.27   0   -0.8713   -0.8485
5.28   0   -0.8658   -0.8432
5.29   0   -0.8603   -0.8378
5.3   0   -0.8547   -0.8323
5.31   0   -0.849   -0.8267
5.32   0   -0.8432   -0.821
5.33   0   -0.8374   -0.8153
5.34   0   -0.8314   -0.8094
5.35   0   -0.8254   -0.8035
5.36   0   -0.8193   -0.7975
5.37   0   -0.8131   -0.7915
5.38   0   -0.8068   -0.7853
5.39   0   -0.8005   -0.7791
5.4   0   -0.794   -0.7728
5.41   0   -0.7875   -0.7664
5.42   0   -0.7809   -0.7599
5.43   0   -0.7742   -0.7534
5.44   0   -0.7675   -0.7468
5.45   0   -0.7606   -0.7401
5.46   0   -0.7537   -0.7333
5.47   0   -0.7468   -0.7265
5.48   0   -0.7397   -0.7196
5.49   0   -0.7326   -0.7126
5.5   0   -0.7253   -0.7055
5.51   0   -0.7181   -0.6984
5.52   0   -0.7107   -0.6912
5.53   0   -0.7033   -0.684
5.54   0   -0.6958   -0.6766
5.55   0   -0.6882   -0.6692
5.56   0   -0.6806   -0.6618
5.57   0   -0.6729   -0.6542
5.58   0   -0.6651   -0.6467
5.59   0   -0.6572   -0.639
5.6   0   -0.6493   -0.6313
5.61   0   -0.6414   -0.6235
5.62   0   -0.6333   -0.6156
5.63   0   -0.6252   -0.6077
5.64   0   -0.6171   -0.5997
5.65   0   -0.6088   -0.5917
5.66   0   -0.6005   -0.5836
5.67   0   -0.5922   -0.5755
5.68   0   -0.5838   -0.5673
5.69   0   -0.5753   -0.559
5.7   0   -0.5668   -0.5507
5.71   0   -0.5582   -0.5423
5.72   0   -0.5495   -0.5339
5.73   0   -0.5408   -0.5254
5.74   0   -0.5321   -0.5169
5.75   0   -0.5233   -0.5083
5.76   0   -0.5144   -0.4996
5.77   0   -0.5055   -0.491
5.78   0   -0.4965   -0.4822
5.79   0   -0.4875   -0.4734
5.8   0   -0.4784   -0.4646
5.81   0   -0.4693   -0.4557
5.82   0   -0.4602   -0.4468
5.83   0   -0.451   -0.4378
5.84   0   -0.4417   -0.4288
5.85   0   -0.4324   -0.4198
5.86   0   -0.4231   -0.4107
5.87   0   -0.4137   -0.4015
5.88   0   -0.4042   -0.3924
5.89   0   -0.3948   -0.3831
5.9   0   -0.3853   -0.3739
5.91   0   -0.3757   -0.3646
5.92   0   -0.3661   -0.3553
5.93   0   -0.3565   -0.3459
5.94   0   -0.3468   -0.3365
5.95   0   -0.3371   -0.3271
5.96   0   -0.3274   -0.3176
5.97   0   -0.3176   -0.3081
5.98   0   -0.3078   -0.2986
5.99   0   -0.298   -0.289
6   0   -0.2881   -0.2794
6.01   0   -0.2782   -0.2698
6.02   0   -0.2683   -0.2602
6.03   0   -0.2584   -0.2505
6.04   0   -0.2484   -0.2408
6.05   0   -0.2384   -0.2311
6.06   0   -0.2283   -0.2213
6.07   0   -0.2183   -0.2116
6.08   0   -0.2082   -0.2018
6.09   0   -0.1981   -0.192
6.1   0   -0.188   -0.1822
6.11   0   -0.1779   -0.1723
6.12   0   -0.1677   -0.1625
6.13   0   -0.1575   -0.1526
6.14   0   -0.1474   -0.1427
6.15   0   -0.1371   -0.1328
6.16   0   -0.1269   -0.1229
6.17   0   -0.1167   -0.1129
6.18   0   -0.1064   -0.103
6.19   0   -0.09619   -0.09305
6.2   0   -0.08592   -0.08309
6.21   0   -0.07564   -0.07312
6.22   0   -0.06535   -0.06314
6.23   0   -0.05506   -0.05316
6.24   0   -0.04475   -0.04317
6.25   0   -0.03445   -0.03318
6.26   0   -0.02414   -0.02318
6.27   0   -0.01382   -0.01318
6.28   0   -0.003503   -0.003185
6.29   0   0.006816   0.006815
6.3   0   0.01714   0.01681
6.31   0   0.02745   0.02681
6.32   0   0.03777   0.03681
6.33   0   0.04808   0.0468
6.34   0   0.0584   0.05678
6.35   0   0.0687   0.06676
6.36   0   0.079   0.07674
6.37   0   0.08929   0.08671
6.38   0   0.09958   0.09666
6.39   0   0.1099   0.1066
6.4   0   0.1201   0.1165
6.41   0   0.1304   0.1265
6.42   0   0.1406   0.1364
6.43   0   0.1508   0.1463
6.44   0   0.1611   0.1562
6.45   0   0.1713   0.166
6.46   0   0.1814   0.1759
6.47   0   0.1916   0.1857
6.48   0   0.2018   0.1955
6.49   0   0.2119   0.2053
6.5   0   0.222   0.2151
6.51   0   0.2321   0.2249
6.52   0   0.2422   0.2346
6.53   0   0.2522   0.2443
6.54   0   0.2622   0.254
6.55   0   0.2722   0.2637
6.56   0   0.2822   0.2733
6.57   0   0.2921   0.2829
6.58   0   0.302   0.2925
6.59   0   0.3119   0.302
6.6   0   0.3218   0.3115
6.61   0   0.3316   0.321
6.62   0   0.3414   0.3305
6.63   0   0.3511   0.3399
6.64   0   0.3609   0.3493
6.65   0   0.3706   0.3586
6.66   0   0.3802   0.368
6.67   0   0.3898   0.3772
6.68   0   0.3994   0.3865
6.69   0   0.4089   0.3957
6.7   0   0.4184   0.4048
6.71   0   0.4279   0.414
6.72   0   0.4373   0.4231
6.73   0   0.4467   0.4321
6.74   0   0.456   0.4411
6.75   0   0.4653   0.45
6.76   0   0.4745   0.459
6.77   0   0.4837   0.4678
6.78   0   0.4929   0.4766
6.79   0   0.502   0.4854
6.8   0   0.511   0.4941
6.81   0   0.52   0.5028
6.82   0   0.5289   0.5114
6.83   0   0.5378   0.52
6.84   0   0.5467   0.5285
6.85   0   0.5555   0.5369
6.86   0   0.5642   0.5454
6.87   0   0.5729   0.5537
6.88   0   0.5815   0.562
6.89   0   0.59   0.5703
6.9   0   0.5985   0.5784
6.91   0   0.607   0.5866
6.92   0   0.6154   0.5946
6.93   0   0.6237   0.6026
6.94   0   0.632   0.6106
6.95   0   0.6402   0.6185
6.96   0   0.6483   0.6263
6.97   0   0.6564   0.6341
6.98   0   0.6644   0.6418
6.99   0   0.6723   0.6494
7   0   0.6802   0.657
7.01   0   0.688   0.6645
7.02   0   0.6958   0.6719
7.03   0   0.7034   0.6793
7.04   0   0.711   0.6866
7.05   0   0.7186   0.6938
7.06   0   0.726   0.701
7.07   0   0.7334   0.7081
7.08   0   0.7407   0.7151
7.09   0   0.748   0.7221
7.1   0   0.7551   0.729
7.11   0   0.7622   0.7358
7.12   0   0.7693   0.7425
7.13   0   0.7762   0.7492
7.14   0   0.7831   0.7558
7.15   0   0.7899   0.7623
7.16   0   0.7966   0.7687
7.17   0   0.8032   0.7751
7.18   0   0.8097   0.7813
7.19   0   0.8162   0.7875
7.2   0   0.8226   0.7937
7.21   0   0.8289   0.7997
7.22   0   0.8351   0.8057
7.23   0   0.8413   0.8116
7.24   0   0.8473   0.8174
7.25   0   0.8533   0.8231
7.26   0   0.8592   0.8287
7.27   0   0.865   0.8343
7.28   0   0.8707   0.8397
7.29   0   0.8764   0.8451
7.3   0   0.8819   0.8504
7.31   0   0.8874   0.8557
7.32   0   0.8927   0.8608
7.33   0   0.898   0.8658
7.34   0   0.9032   0.8708
7.35   0   0.9083   0.8757
7.36   0   0.9133   0.8805
7.37   0   0.9183   0.8851
7.38   0   0.9231   0.8898
7.39   0   0.9278   0.8943
7.4   0   0.9325   0.8987
7.41   0   0.937   0.903
7.42   0   0.9415   0.9073
7.43   0   0.9458   0.9115
7.44   0   0.9501   0.9155
7.45   0   0.9543   0.9195
7.46   0   0.9584   0.9234
7.47   0   0.9624   0.9272
7.48   0   0.9663   0.9309
7.49   0   0.9701   0.9345
7.5   0   0.9738   0.938
7.51   0   0.9774   0.9414
7.52   0   0.9809   0.9447
7.53   0   0.9843   0.948
7.54   0   0.9876   0.9511
7.55   0   0.9908   0.9542
7.56   0   0.9939   0.9571
7.57   0   0.9969   0.9599
7.58   0   0.9998   0.9627
7.59   0   1.003   0.9654
7.6   0   1.005   0.9679
7.61   0   1.008   0.9704
7.62   0   1.01   0.9728
7.63   0   1.013   0.975
7.64   0   1.015   0.9772
7.65   0   1.017   0.9793
7.66   0   1.02   0.9812
7.67   0   1.022   0.9831
7.68   0   1.023   0.9849
7.69   0   1.025   0.9866
7.7   0   1.027   0.9882
7.71   0   1.029   0.9897
7.72   0   1.03   0.991
7.73   0   1.031   0.9923
7.74   0   1.033   0.9935
7.75   0   1.034   0.9946
7.76   0   1.035   0.9956
7.77   0   1.036   0.9965
7.78   0   1.037   0.9973
7.79   0   1.038   0.998
7.8   0   1.038   0.9985
7.81   0   1.039   0.999
7.82   0   1.039   0.9994
7.83   0   1.04   0.9997
7.84   0   1.04   0.9999
7.85   0   1.04   1
7.86   0   1.04   1
7.87   0   1.04   0.9999
7.88   0   1.04   0.9997
7.89   0   1.04   0.9994
7.9   0   1.039   0.9989
7.91   0   1.039   0.9984
7.92   0   1.038   0.9978
7.93   0   1.037   0.9971
7.94   0   1.037   0.9963
7.95   0   1.036   0.9954
7.96   0   1.035   0.9944
7.97   0   1.034   0.9933
7.98   0   1.032   0.9921
7.99   0   1.031   0.9908
8   0   1.03   0.9894
8.01   0   1.028   0.9879
8.02   0   1.027   0.9863
8.03   0   1.025   0.9845
8.04   0   1.023   0.9827
8.05   0   1.021   0.9808
8.06   0   1.019   0.9789
8.07   0   1.017   0.9768
8.08   0   1.015   0.9746
8.09   0   1.012   0.9723
8.1   0   1.01   0.9699
8.11   0   1.008   0.9674
8.12   0   1.005   0.9648
8.13   0   1.002   0.9621
8.14   0   0.9993   0.9594
8.15   0   0.9964   0.9565
8.16   0   0.9933   0.9535
8.17   0   0.9902   0.9505
8.18   0   0.987   0.9473
8.19   0   0.9836   0.9441
8.2   0   0.9802   0.9407
8.21   0   0.9767   0.9373
8.22   0   0.973   0.9338
8.23   0   0.9693   0.9301
8.24   0   0.9655   0.9264
8.25   0   0.9616   0.9226
8.26   0   0.9575   0.9187
8.27   0   0.9534   0.9147
8.28   0   0.9492   0.9106
8.29   0   0.9449   0.9064
8.3   0   0.9405   0.9022
8.31   0   0.936   0.8978
8.32   0   0.9314   0.8934
8.33   0   0.9268   0.8888
8.34   0   0.922   0.8842
8.35   0   0.9171   0.8795
8.36   0   0.9122   0.8747
8.37   0   0.9071   0.8698
8.38   0   0.902   0.8648
8.39   0   0.8967   0.8597
8.4   0   0.8914   0.8546
8.41   0   0.886   0.8494
8.42   0   0.8805   0.844
8.43   0   0.8749   0.8386
8.44   0   0.8692   0.8331
8.45   0   0.8635   0.8276
8.46   0   0.8576   0.8219
8.47   0   0.8517   0.8162
8.48   0   0.8456   0.8104
8.49   0   0.8395   0.8045
8.5   0   0.8333   0.7985
8.51   0   0.8271   0.7924
8.52   0   0.8207   0.7863
8.53   0   0.8142   0.7801
8.54   0   0.8077   0.7738
8.55   0   0.8011   0.7674
8.56   0   0.7944   0.761
8.57   0   0.7876   0.7544
8.58   0   0.7808   0.7478
8.59   0   0.7739   0.7411
8.6   0   0.7669   0.7344
8.61   0   0.7598   0.7276
8.62   0   0.7526   0.7207
8.63   0   0.7454   0.7137
8.64   0   0.7381   0.7067
8.65   0   0.7307   0.6996
8.66   0   0.7232   0.6924
8.67   0   0.7157   0.6851
8.68   0   0.7081   0.6778
8.69   0   0.7004   0.6704
8.7   0   0.6927   0.663
8.71   0   0.6849   0.6554
8.72   0   0.677   0.6479
8.73   0   0.669   0.6402
8.74   0   0.661   0.6325
8.75   0   0.6529   0.6247
8.76   0   0.6447   0.6169
8.77   0   0.6365   0.609
8.78   0   0.6282   0.601
8.79   0   0.6199   0.593
8.8   0   0.6115   0.5849
8.81   0   0.603   0.5768
8.82   0   0.5945   0.5686
8.83   0   0.5859   0.5603
8.84   0   0.5772   0.552
8.85   0   0.5685   0.5436
8.86   0   0.5597   0.5352
8.87   0   0.5509   0.5268
8.88   0   0.542   0.5182
8.89   0   0.5331   0.5097
8.9   0   0.5241   0.501
8.91   0   0.515   0.4923
8.92   0   0.5059   0.4836
8.93   0   0.4968   0.4748
8.94   0   0.4876   0.466
8.95   0   0.4783   0.4571
8.96   0   0.469   0.4482
8.97   0   0.4597   0.4393
8.98   0   0.4503   0.4303
8.99   0   0.4409   0.4212
9   0   0.4314   0.4121
9.01   0   0.4218   0.403
9.02   0   0.4123   0.3938
9.03   0   0.4027   0.3846
9.04   0   0.393   0.3754
9.05   0   0.3833   0.3661
9.06   0   0.3736   0.3567
9.07   0   0.3638   0.3474
9.08   0   0.354   0.338
9.09   0   0.3441   0.3286
9.1   0   0.3343   0.3191
9.11   0   0.3243   0.3096
9.12   0   0.3144   0.3001
9.13   0   0.3044   0.2905
9.14   0   0.2944   0.2809
9.15   0   0.2843   0.2713
9.16   0   0.2743   0.2617
9.17   0   0.2642   0.252
9.18   0   0.254   0.2423
9.19   0   0.2439   0.2326
9.2   0   0.2337   0.2229
9.21   0   0.2235   0.2131
9.22   0   0.2133   0.2033
9.23   0   0.203   0.1935
9.24   0   0.1927   0.1837
9.25   0   0.1824   0.1739
9.26   0   0.1721   0.164
9.27   0   0.1618   0.1542
9.28   0   0.1514   0.1443
9.29   0   0.1411   0.1344
9.3   0   0.1307   0.1245
9.31   0   0.1203   0.1145
9.32   0   0.1099   0.1046
9.33   0   0.09948   0.09464
9.34   0   0.08905   0.08468
9.35   0   0.07861   0.07471
9.36   0   0.06816   0.06473
9.37   0   0.0577   0.05475
9.38   0   0.04724   0.04476
9.39   0   0.03677   0.03477
9.4   0   0.0263   0.02478
9.41   0   0.01582   0.01478
9.42   0   0.005337   0.004778
9.43   0   -0.005145   -0.005222
9.44   0   -0.01563   -0.01522
9.45   0   -0.02611   -0.02522
9.46   0   -0.03659   -0.03521
9.47   0   -0.04707   -0.04521
9.48   0   -0.05754   -0.05519
9.49   0   -0.06801   -0.06518
9.5   0   -0.07848   -0.07515
9.51   0   -0.08893   -0.08512
9.52   0   -0.09938   -0.09508
9.53   0   -0.1098   -0.105
9.54   0   -0.1203   -0.115
9.55   0   -0.1307   -0.1249
9.56   0   -0.1411   -0.1348
9.57   0   -0.1515   -0.1447
9.58   0   -0.1619   -0.1546
9.59   0   -0.1722   -0.1645
9.6   0   -0.1826   -0.1743
9.61   0   -0.1929   -0.1842
9.62   0   -0.2032   -0.194
9.63   0   -0.2135   -0.2038
9.64   0   -0.2238   -0.2136
9.65   0   -0.234   -0.2233
9.66   0   -0.2443   -0.2331
9.67   0   -0.2545   -0.2428
9.68   0   -0.2647   -0.2525
9.69   0   -0.2748   -0.2621
9.7   0   -0.2849   -0.2718
9.71   0   -0.295   -0.2814
9.72   0   -0.3051   -0.291
9.73   0   -0.3152   -0.3005
9.74   0   -0.3252   -0.31
9.75   0   -0.3352   -0.3195
9.76   0   -0.3451   -0.329
9.77   0   -0.355   -0.3384
9.78   0   -0.3649   -0.3478
9.79   0   -0.3748   -0.3572
9.8   0   -0.3846   -0.3665
9.81   0   -0.3943   -0.3758
9.82   0   -0.4041   -0.385
9.83   0   -0.4138   -0.3942
9.84   0   -0.4234   -0.4034
9.85   0   -0.433   -0.4125
9.86   0   -0.4426   -0.4216
9.87   0   -0.4521   -0.4307
9.88   0   -0.4616   -0.4397
9.89   0   -0.4711   -0.4486
9.9   0   -0.4804   -0.4575
9.91   0   -0.4898   -0.4664
9.92   0   -0.4991   -0.4752
9.93   0   -0.5083   -0.484
9.94   0   -0.5175   -0.4927
9.95   0   -0.5267   -0.5014
9.96   0   -0.5358   -0.51
9.97   0   -0.5448   -0.5186
9.98   0   -0.5538   -0.5271
9.99   0   -0.5627   -0.5356
10   0   -0.5716   -0.544
10.01   0   -0.5804   -0.5524
